# Magnetic signature of oceanic M2 tide derived using CI
# Extracted from UMEQ file umeq.final on 2023-02-23 10:21:14
# Phase given with respect to the Greenwich meridian
# First data line: N_max T_M2 (in hours)
# Subsequent data lines: degree n   order m   a_n^m/b_n^m   c_n^m/d_n^m
# where m >= 0 correspond to the cosine time dependent terms a_n^m resp c_n^m,
# and m < 0 correspond to the sine time dependent terms b_n^m resp d_n^m.
   18 12.42060122
    1     0     0.030809     0.032489
    1     1     0.012873    -0.002404
    1    -1    -0.012611    -0.009435
    2     0    -0.015863     0.014229
    2     1    -0.032278    -0.028186
    2    -1     0.025732    -0.001018
    2     2     0.033702     0.032172
    2    -2     0.016739     0.001984
    3     0     0.001405    -0.021313
    3     1    -0.013830    -0.034971
    3    -1    -0.010631     0.003539
    3     2    -0.039432    -0.064325
    3    -2    -0.015520    -0.018990
    3     3     0.023652    -0.022819
    3    -3     0.067552     0.018601
    4     0     0.024077     0.016581
    4     1    -0.003776    -0.036596
    4    -1    -0.040068    -0.051988
    4     2     0.028564    -0.036029
    4    -2     0.025488     0.032716
    4     3    -0.096970    -0.003851
    4    -3    -0.078554    -0.008403
    4     4    -0.054349     0.002613
    4    -4     0.048157     0.038963
    5     0    -0.003577    -0.007064
    5     1    -0.039151    -0.026995
    5    -1     0.034326     0.030301
    5     2    -0.036343     0.083363
    5    -2     0.092029    -0.001033
    5     3     0.065671    -0.032152
    5    -3     0.079084    -0.013475
    5     4     0.062342    -0.020564
    5    -4    -0.064576    -0.021036
    5     5    -0.015222    -0.013066
    5    -5    -0.000259    -0.026703
    6     0    -0.014771    -0.034622
    6     1     0.081022     0.036242
    6    -1    -0.011766     0.042637
    6     2     0.007849    -0.005877
    6    -2     0.010660     0.030771
    6     3     0.041681    -0.031455
    6    -3    -0.042845     0.005170
    6     4    -0.066248    -0.030415
    6    -4     0.014891     0.085986
    6     5    -0.009181     0.050899
    6    -5     0.017900     0.038209
    6     6     0.003214     0.029423
    6    -6    -0.005266    -0.005497
    7     0    -0.002966     0.031915
    7     1     0.030891     0.030311
    7    -1    -0.015080    -0.020135
    7     2     0.013776    -0.036040
    7    -2    -0.056204     0.022361
    7     3    -0.061045    -0.016321
    7    -3    -0.005413    -0.005835
    7     4    -0.029380    -0.004047
    7    -4     0.032264     0.007498
    7     5    -0.002964    -0.019544
    7    -5    -0.006484    -0.034820
    7     6    -0.042063    -0.037647
    7    -6     0.059944     0.028235
    7     7     0.053987     0.001391
    7    -7     0.000060     0.005845
    8     0    -0.006020     0.023776
    8     1    -0.032860     0.008936
    8    -1     0.020945    -0.003812
    8     2    -0.002501     0.034997
    8    -2    -0.029702    -0.038138
    8     3     0.007184    -0.004268
    8    -3     0.006385     0.009309
    8     4     0.022127     0.010821
    8    -4     0.018066     0.024822
    8     5     0.030477     0.002281
    8    -5     0.042633     0.028237
    8     6     0.019146     0.012698
    8    -6    -0.013221     0.040267
    8     7    -0.035919     0.025102
    8    -7     0.014746    -0.005347
    8     8     0.025036     0.002739
    8    -8     0.018141    -0.014084
    9     0    -0.015297    -0.016585
    9     1    -0.002198     0.019442
    9    -1    -0.003003    -0.000808
    9     2     0.025623     0.007994
    9    -2     0.004220    -0.008609
    9     3     0.002002     0.012794
    9    -3    -0.028281     0.020518
    9     4    -0.013460    -0.017545
    9    -4     0.001755     0.003826
    9     5     0.023785     0.006566
    9    -5     0.016819     0.015328
    9     6     0.010591     0.007890
    9    -6    -0.007727    -0.005985
    9     7     0.024397     0.002867
    9    -7    -0.000525    -0.012331
    9     8    -0.000743    -0.005467
    9    -8    -0.024409    -0.001764
    9     9     0.007601    -0.000390
    9    -9     0.002809     0.000159
   10     0     0.017704     0.003212
   10     1    -0.014724    -0.001420
   10    -1     0.004926    -0.000463
   10     2    -0.012797    -0.006604
   10    -2     0.020251    -0.004594
   10     3    -0.008318     0.008482
   10    -3    -0.002622     0.000821
   10     4    -0.005028    -0.001632
   10    -4    -0.006161     0.008558
   10     5    -0.005150     0.013398
   10    -5    -0.004489     0.015345
   10     6     0.007996     0.007092
   10    -6     0.004944     0.022662
   10     7     0.023401     0.013428
   10    -7     0.002586     0.007222
   10     8     0.004831     0.007665
   10    -8     0.008209     0.006616
   10     9    -0.009686     0.005439
   10    -9     0.011417     0.002737
   10    10     0.010188    -0.002374
   10   -10    -0.000018    -0.007972
   11     0     0.002441     0.001524
   11     1    -0.004181    -0.011204
   11    -1    -0.008152     0.004097
   11     2    -0.007590     0.005674
   11    -2     0.006683     0.004524
   11     3     0.007913     0.008773
   11    -3     0.006128    -0.003240
   11     4    -0.010897     0.010178
   11    -4    -0.014122     0.000596
   11     5    -0.012408    -0.001845
   11    -5    -0.003324     0.006636
   11     6    -0.018831     0.001977
   11    -6     0.001237     0.013860
   11     7    -0.011240     0.009695
   11    -7     0.009799    -0.008815
   11     8     0.009773    -0.007200
   11    -8     0.009767    -0.019061
   11     9     0.004865    -0.014230
   11    -9    -0.015005    -0.000977
   11    10    -0.007668    -0.007965
   11   -10    -0.001873    -0.002860
   11    11     0.002970     0.004116
   11   -11    -0.013779     0.000527
   12     0     0.005498     0.001726
   12     1    -0.008583    -0.007798
   12    -1     0.001925    -0.009023
   12     2    -0.005377     0.007055
   12    -2     0.004149     0.002108
   12     3    -0.002158     0.001306
   12    -3     0.004932    -0.005797
   12     4     0.019685     0.002199
   12    -4    -0.011326    -0.014777
   12     5    -0.011528     0.002208
   12    -5    -0.007769     0.005188
   12     6    -0.003958     0.009243
   12    -6     0.009956     0.005319
   12     7     0.019809     0.019200
   12    -7     0.011350     0.016024
   12     8     0.012102     0.017359
   12    -8    -0.006981     0.002102
   12     9     0.005169     0.011767
   12    -9     0.007579     0.004042
   12    10     0.016907     0.006239
   12   -10     0.000299     0.003282
   12    11     0.007966    -0.003352
   12   -11     0.002635    -0.007807
   12    12     0.001755    -0.001191
   12   -12    -0.004179    -0.002849
   13     0     0.000659    -0.000805
   13     1    -0.005548    -0.001441
   13    -1     0.001785    -0.001504
   13     2     0.003499     0.006527
   13    -2     0.005220    -0.000150
   13     3     0.004016     0.009343
   13    -3     0.004835    -0.004882
   13     4     0.009899     0.002407
   13    -4    -0.003082    -0.005787
   13     5    -0.006839     0.011312
   13    -5    -0.005675     0.006661
   13     6    -0.004483    -0.000686
   13    -6     0.016136     0.002752
   13     7     0.005830     0.000802
   13    -7     0.001632     0.004557
   13     8     0.007321    -0.002943
   13    -8     0.001173     0.006006
   13     9     0.006749    -0.002804
   13    -9    -0.007730    -0.014404
   13    10    -0.004352    -0.001348
   13   -10    -0.011471    -0.007854
   13    11    -0.004769    -0.009663
   13   -11    -0.005297     0.007330
   13    12    -0.009050    -0.004521
   13   -12     0.001210     0.001711
   13    13    -0.002677     0.012441
   13   -13    -0.007135     0.011113
   14     0    -0.002005    -0.016696
   14     1    -0.002970     0.000810
   14    -1    -0.004793     0.001805
   14     2    -0.004306    -0.000036
   14    -2     0.008482     0.003508
   14     3    -0.006659     0.008614
   14    -3     0.004620    -0.003874
   14     4     0.003810    -0.001801
   14    -4     0.001308    -0.007575
   14     5    -0.003470    -0.008431
   14    -5    -0.005052     0.000351
   14     6    -0.007431     0.000641
   14    -6     0.001378     0.002634
   14     7     0.002960     0.010629
   14    -7     0.017168    -0.002436
   14     8     0.017418     0.018789
   14    -8     0.004417    -0.010707
   14     9     0.006681    -0.002238
   14    -9    -0.018094    -0.006209
   14    10     0.007374     0.000725
   14   -10     0.003014     0.001054
   14    11     0.011590     0.001548
   14   -11    -0.008093     0.002057
   14    12     0.001364     0.005492
   14   -12     0.002920    -0.002874
   14    13     0.005410    -0.009792
   14   -13    -0.002444    -0.004520
   14    14     0.001650    -0.000724
   14   -14    -0.003488     0.001640
   15     0    -0.000463    -0.003520
   15     1    -0.006082     0.006426
   15    -1     0.007112    -0.004788
   15     2     0.008048     0.000726
   15    -2     0.013410     0.005228
   15     3     0.007329     0.002503
   15    -3    -0.000626    -0.015657
   15     4    -0.000991     0.000416
   15    -4     0.004846    -0.005439
   15     5    -0.007883     0.012068
   15    -5     0.002868     0.002181
   15     6    -0.010181     0.012260
   15    -6     0.005624    -0.003983
   15     7     0.000681    -0.002014
   15    -7    -0.009331     0.006162
   15     8    -0.001555     0.003880
   15    -8    -0.011001     0.003074
   15     9    -0.005509     0.005572
   15    -9     0.001990     0.005833
   15    10     0.004047     0.007565
   15   -10     0.003701    -0.011918
   15    11    -0.004164    -0.012473
   15   -11     0.001092     0.001940
   15    12    -0.004112    -0.009836
   15   -12    -0.003429     0.007664
   15    13    -0.004008     0.006763
   15   -13    -0.002409     0.009270
   15    14    -0.001560     0.000300
   15   -14     0.002600     0.001962
   15    15     0.000566     0.000508
   15   -15    -0.002972    -0.000579
   16     0    -0.013083    -0.000460
   16     1     0.002493    -0.000949
   16    -1     0.000770     0.001044
   16     2     0.004723    -0.001238
   16    -2    -0.001891     0.010111
   16     3     0.003858     0.003761
   16    -3    -0.006693    -0.000365
   16     4     0.001353     0.004152
   16    -4     0.002897    -0.003471
   16     5     0.002504    -0.004876
   16    -5    -0.001282    -0.001208
   16     6    -0.002089    -0.005582
   16    -6    -0.007538     0.004511
   16     7    -0.001901     0.005935
   16    -7    -0.001699     0.005468
   16     8     0.001519     0.007237
   16    -8     0.012813    -0.012662
   16     9     0.009119    -0.001900
   16    -9    -0.002616    -0.011069
   16    10     0.000845    -0.008129
   16   -10    -0.002402    -0.000487
   16    11     0.001013    -0.005400
   16   -11    -0.009221    -0.001739
   16    12     0.006747     0.005540
   16   -12     0.005517     0.000932
   16    13     0.009008    -0.004206
   16   -13    -0.008600    -0.009437
   16    14     0.007214    -0.001884
   16   -14    -0.002566    -0.000443
   16    15     0.002587    -0.004967
   16   -15    -0.002518    -0.001050
   16    16     0.002233     0.001665
   16   -16     0.003297     0.000858
   17     0     0.006864    -0.008778
   17     1    -0.002679     0.004661
   17    -1     0.009339     0.001764
   17     2     0.004560     0.000598
   17    -2     0.006903    -0.010375
   17     3     0.006678    -0.003645
   17    -3    -0.005732    -0.007105
   17     4     0.012497    -0.005553
   17    -4    -0.000709    -0.005103
   17     5     0.001169     0.000183
   17    -5     0.000226    -0.002148
   17     6    -0.001249     0.003334
   17    -6     0.009711    -0.001453
   17     7     0.000847     0.002084
   17    -7     0.002313    -0.004959
   17     8    -0.002628    -0.000734
   17    -8    -0.001963     0.006257
   17     9    -0.009943     0.003083
   17    -9     0.001210    -0.000112
   17    10     0.005416     0.010152
   17   -10     0.004057    -0.005186
   17    11     0.001752    -0.002167
   17   -11    -0.011401    -0.002130
   17    12    -0.001769     0.004027
   17   -12    -0.013203    -0.006755
   17    13    -0.006723    -0.000465
   17   -13    -0.004636     0.002394
   17    14     0.003063     0.000176
   17   -14    -0.000491     0.002879
   17    15    -0.006699    -0.000221
   17   -15    -0.004169     0.002540
   17    16    -0.000862     0.001299
   17   -16     0.002558    -0.000389
   17    17    -0.006220     0.005804
   17   -17     0.010568     0.003501
   18     0    -0.001015     0.002387
   18     1     0.003139     0.006151
   18    -1     0.004429     0.000812
   18     2     0.001079    -0.008461
   18    -2    -0.002716     0.002520
   18     3    -0.000006     0.009580
   18    -3    -0.004134    -0.001000
   18     4    -0.006480     0.006363
   18    -4    -0.000953    -0.004992
   18     5    -0.002005    -0.000174
   18    -5     0.000662    -0.001505
   18     6     0.001932    -0.003646
   18    -6     0.001165     0.005670
   18     7     0.000943    -0.001881
   18    -7    -0.001247     0.004251
   18     8    -0.003889     0.003108
   18    -8     0.005807    -0.002241
   18     9     0.007586    -0.001357
   18    -9    -0.004766    -0.004031
   18    10    -0.000988    -0.001642
   18   -10    -0.000979    -0.001821
   18    11     0.002512    -0.001612
   18   -11     0.001436     0.002257
   18    12    -0.001889    -0.000379
   18   -12    -0.005264     0.001231
   18    13     0.001255    -0.005023
   18   -13    -0.007960     0.004031
   18    14    -0.009495    -0.002240
   18   -14    -0.005412    -0.001525
   18    15     0.000168     0.002979
   18   -15    -0.000627     0.002969
   18    16     0.001824     0.002907
   18   -16    -0.006730    -0.002070
   18    17     0.001170    -0.001119
   18   -17    -0.005430    -0.000500
   18    18    -0.001997     0.001839
   18   -18    -0.003650     0.002814
