# Magnetic signature of oceanic M2 tide derived using KALMAG
# Using CHAMP, Swarm and Observatories until 2022.85 (Julien, pers. comm.)
# Phase given with respect to the Greenwich meridian
# First data line: N_max T_M2 (in hours)
# Subsequent data lines: degree n   order m   a_n^m/b_n^m   c_n^m/d_n^m
# where m >= 0 correspond to the cosine time dependent terms a_n^m resp c_n^m,
# and m < 0 correspond to the sine time dependent terms b_n^m resp d_n^m.
   30 12.42060122
1 0 -0.019541718 0.0012761947
1 1 -0.0025531156 0.013245802
1 -1 0.022855413 0.0027255067
2 0 -0.027191244 0.0075437514
2 1 -0.0024313489 -0.045885985
2 -1 0.014003243 0.032787601
2 2 -0.02517813 0.070716645
2 -2 0.02208497 -0.016285509
3 0 0.035591762 -0.0089048669
3 1 0.013037237 -0.034120544
3 -1 -0.016935961 -0.0030730332
3 2 0.048036931 -0.077018939
3 -2 0.011037787 -0.060893337
3 3 0.027434547 0.046925085
3 -3 0.021446324 0.084191993
4 0 0.00095024491 0.037457394
4 1 0.043718115 -0.016079634
4 -1 0.041803357 -0.081938178
4 2 0.057605538 0.0077797315
4 -2 -0.035700401 0.022614382
4 3 -0.051731166 -0.10265842
4 -3 -0.039233405 -0.082098202
4 4 -0.013432645 -0.04687757
4 -4 -0.021388652 0.056582287
5 0 0.0061863278 -0.002209394
5 1 0.0026171472 -0.059417403
5 -1 -0.017252035 0.052357583
5 2 -0.10237134 0.002631535
5 -2 0.039460205 0.072001619
5 3 0.048356725 0.038829126
5 -3 0.04839481 0.082614102
5 4 0.047956296 0.045814747
5 -4 -0.0010114319 -0.063551863
5 5 0.0023088942 -0.0083311397
5 -5 0.035241525 -0.030162932
6 0 0.03802232 -0.039124159
6 1 0.012047284 0.098918368
6 -1 -0.045127147 -0.010574139
6 2 0.026794032 -0.0043820429
6 -2 -0.045126725 0.0017409943
6 3 0.034303004 0.014056094
6 -3 -0.036181576 -0.041871685
6 4 -0.0025380895 -0.078286345
6 -4 -0.079168912 0.057271069
6 5 -0.056801423 0.015684756
6 -5 -0.035528711 0.034423485
6 6 -0.030352667 0.030245048
6 -6 0.0045907062 -0.0074241673
7 0 -0.034306296 0.015014757
7 1 -0.018531211 0.038999477
7 -1 0.015530532 -0.021602552
7 2 0.03505786 -0.0049727952
7 -2 -0.046696085 -0.049175759
7 3 -0.021237586 -0.071525523
7 -3 0.0075160317 0.00082817243
7 4 -0.018438058 -0.029247043
7 -4 0.019351857 0.049457197
7 5 0.0099646972 -0.0037238341
7 -5 0.037983328 -0.026012626
7 6 0.013984991 -0.057475158
7 -6 -0.0049513345 0.057545345
7 7 0.020968395 0.045725671
7 -7 -0.0059382514 0.0093223324
8 0 -0.017722485 -0.016824609
8 1 -0.015301784 -0.038138083
8 -1 -0.00015369262 0.011183365
8 2 -0.027079115 -0.0032275312
8 -2 0.0059641397 -0.064430281
8 3 -0.0084684049 -0.016215335
8 -3 -0.017166475 0.00376471
8 4 -0.0079812407 0.019705199
8 -4 -0.017198598 0.033898293
8 5 0.011811229 0.029774602
8 -5 -0.017642745 0.048869504
8 6 -0.015993672 0.035783834
8 -6 -0.047431976 0.0066703569
8 7 -0.034018221 -0.024639097
8 -7 0.0036047161 0.0039792818
8 8 0.015033808 0.041121932
8 -8 0.011277001 0.0030075532
9 0 0.004475098 -0.019499966
9 1 -0.018539358 0.0064144016
9 -1 0.0065191025 -0.0084805017
9 2 -0.00019855164 0.029591938
9 -2 0.0036386132 -0.0083723563
9 3 -0.023673522 0.0039572682
9 -3 -0.02879542 -0.01363995
9 4 0.008665233 -0.020158699
9 -4 0.0071157984 0.013752816
9 5 0.0059430671 0.028855843
9 -5 -0.0037413073 0.019025212
9 6 -0.0051177882 0.0098277463
9 -6 0.003761171 -0.012010133
9 7 0.012293054 0.017772156
9 -7 0.011635256 -0.0017013682
9 8 0.0058018129 -0.0055182121
9 -8 -0.0077562829 -0.021489342
9 9 0.013511174 0.002819953
9 -9 -0.011379487 -0.00015219372
10 0 0.0072522757 0.0055831811
10 1 -0.0051786887 -0.023628312
10 -1 -0.011716212 0.0094464805
10 2 -0.0058236836 -0.027824761
10 -2 0.0055296698 0.0072919219
10 3 -0.028914486 -0.012966906
10 -3 -0.0055486729 0.00076711495
10 4 -0.010838778 -0.009015869
10 -4 -0.009093865 0.00095494333
10 5 -0.013290156 0.00023835439
10 -5 -0.01945421 0.0041800507
10 6 -0.010378968 0.016685336
10 -6 -0.023648082 0.012938519
10 7 -0.0013368981 0.030266827
10 -7 -0.010162836 0.0039794093
10 8 -0.0064702424 0.0097792328
10 -8 -0.0016989347 0.010136892
10 9 -0.015969712 -0.011642643
10 -9 -0.0047400898 0.0098466156
10 10 0.0093616336 0.0049179536
10 -10 0.008218096 0.0056955709
11 0 0.0023277042 0.0031372487
11 1 0.010770593 -0.0037850175
11 -1 -0.0049452887 -0.014333273
11 2 -0.0060821182 -0.0056648664
11 -2 -0.0073486526 -0.0016211
11 3 -0.014020114 0.008670234
11 -3 0.0030677695 0.0015997746
11 4 -0.016297889 -0.0064856152
11 -4 0.00050495014 -0.0071746152
11 5 -0.0020276114 -0.0056283983
11 -5 -0.0085644701 -0.0033024248
11 6 -0.01248557 -0.020783547
11 -6 -0.015924287 -0.001570617
11 7 -0.015386238 -0.010932518
11 -7 0.012154678 0.010517345
11 8 0.0064589229 0.0039659496
11 -8 0.0270335 0.0031539657
11 9 0.016174829 0.0044906635
11 -9 -0.0050502906 -0.011372599
11 10 0.007895058 -0.011534216
11 -10 0.0065667177 0.0037984386
11 11 0.0021269265 0.008406491
11 -11 0.006896646 -0.0059275837
12 0 -0.0026788882 0.0011322527
12 1 0.0026675698 -0.02083216
12 -1 -0.0029400128 0.0009343621
12 2 -0.021581563 -0.011420101
12 -2 -0.0050697213 0.0060663559
12 3 -0.015082216 -0.005254273
12 -3 0.0065076053 0.010492117
12 4 0.00092248324 0.019096898
12 -4 0.011951332 -0.015017858
12 5 -0.0070103908 -0.011336322
12 -5 -0.012132593 -0.0071193266
12 6 -0.010177641 0.0051257518
12 -6 -0.0060010731 0.0086038113
12 7 -0.0078292616 0.027904569
12 -7 -0.012644503 0.017216142
12 8 -0.011605574 0.015971385
12 -8 -0.0082624723 -0.0085392141
12 9 -0.015637915 0.0036323203
12 -9 -0.0031876829 0.010602394
12 10 0.002047488 0.017566085
12 -10 0.0052730251 0.0047672239
12 11 0.0069510896 0.0017110029
12 -11 0.011993094 0.0072713139
12 12 -0.0023782493 -0.0033576164
12 -12 0.0017828247 0.0038299802
13 0 0.0020013247 -0.0038855572
13 1 0.0039968924 -0.0019484091
13 -1 -0.0012507586 -0.0065508548
13 2 -0.0052018353 0.0059822898
13 -2 0.00094419927 -0.0040744211
13 3 -0.014439562 0.0068310017
13 -3 0.00053619591 -0.002614658
13 4 -0.00089550838 0.0070738479
13 -4 0.010190346 -0.0084443124
13 5 -0.011105719 0.0021046218
13 -5 -0.011900812 -0.0016734151
13 6 -0.002739756 -0.0077527477
13 -6 0.0025871496 0.0090856984
13 7 0.00098365407 -0.00071230482
13 -7 -0.00074028602 0.012478917
13 8 0.0040632115 0.0069082281
13 -8 0.0011247541 0.0076488256
13 9 0.0079862105 0.010398585
13 -9 0.011063415 -0.013915788
13 10 0.0030804837 -0.0024261105
13 -10 -0.00091750614 -0.016417788
13 11 0.0074582498 -0.0068783993
13 -11 -0.00045399696 -0.00034207466
13 12 0.003595241 -0.0094836823
13 -12 0.001132207 0.0041251194
13 13 -0.01808904 0.031971554
13 -13 -0.016903921 -0.0067848387
14 0 0.0065529691 -0.0044256263
14 1 -0.0026587419 -0.0043297627
14 -1 -0.0097683489 -0.0067232005
14 2 -0.007677616 -0.0091463903
14 -2 0.0017691306 0.0077765497
14 3 -0.018122561 -0.00061979054
14 -3 0.0071414742 0.010759971
14 4 0.0011096545 0.0073311905
14 -4 0.017993811 -0.0042571522
14 5 0.0077195276 -0.010870239
14 -5 -0.0048073333 -0.0027566595
14 6 -0.0085326921 -0.0068978226
14 -6 -0.0056362038 0.00094085363
14 7 -0.0048075228 0.0096209979
14 -7 0.0053109061 0.0085050483
14 8 -0.011804704 0.022547099
14 -8 0.0074663526 -0.0011345697
14 9 0.0012893002 0.0058432962
14 -9 -0.0059061568 -0.014007148
14 10 0.00061582836 0.0064563419
14 -10 0.0010507696 0.00067213429
14 11 0.0019953051 0.0056746007
14 -11 -0.0018914897 -0.005962476
14 12 0.0006871013 0.0031077743
14 -12 0.0070235802 -0.0022056876
14 13 -0.0020549665 -0.002436517
14 -13 0.0034762451 0.0027669216
14 14 -0.0051285019 0.0017911349
14 -14 -0.00552199 -0.0021373177
15 0 0.0028654627 0.00089891936
15 1 -0.0030851103 -2.105355e-05
15 -1 -0.00016088252 -0.00020592676
15 2 0.0036408503 0.0018715676
15 -2 -0.0046516643 0.005526635
15 3 -0.0052055916 0.0056344602
15 -3 0.0053217849 -0.0066203111
15 4 -0.0059544941 -0.00014624211
15 -4 0.013225743 -0.0042493186
15 5 -0.01251654 -0.00021441643
15 -5 -0.0045448766 0.0021334418
15 6 -0.016032422 -0.0032799553
15 -6 0.0028693692 0.00088249516
15 7 0.00062824232 -0.0011497373
15 -7 -0.005153117 -0.0010080111
15 8 -0.0064785551 0.0022395318
15 -8 -0.0030403587 -0.0057333738
15 9 -0.0046126184 0.0034804667
15 -9 -0.00058995052 0.0018551392
15 10 -0.0020147603 0.0032770298
15 -10 0.0095106144 0.0017373346
15 11 0.0089739754 -0.007382564
15 -11 0.0024304268 0.0022759995
15 12 0.0063282962 -0.0025326703
15 -12 -0.0064539042 0.0045016507
15 13 -0.010229424 0.012109281
15 -13 -0.011677415 -0.0027028754
15 14 -0.0018161263 -0.00043873887
15 -14 -0.0040062959 -0.00092556579
15 15 0.0036698548 0.003934992
15 -15 0.0013777525 0.0016670521
16 0 -0.011809803 -0.012422494
16 1 -0.003217846 0.0057844031
16 -1 -0.0061260844 -0.0043634154
16 2 0.00072283019 -0.0011742098
16 -2 -0.0077117347 0.00041737799
16 3 -0.0027145407 0.005501753
16 -3 -0.0053222432 0.0010447914
16 4 -0.00093236935 0.0086425402
16 -4 0.012035154 -0.0040647652
16 5 0.0064174896 -0.0061547776
16 -5 -0.00083147762 -0.0010409692
16 6 -0.0011060786 -0.002606462
16 -6 -0.0056728601 -0.0042287987
16 7 -0.0020103887 0.0017214439
16 -7 -0.005257941 0.001866009
16 8 -0.0067722496 0.0043821073
16 -8 0.0094736506 0.0066029944
16 9 0.0003065473 0.0044984599
16 -9 0.0058124224 -0.003137917
16 10 0.0052256287 0.0023821446
16 -10 0.0029096498 0.00062612178
16 11 0.0023143279 -0.0036824102
16 -11 0.0016040464 -0.0053173525
16 12 -0.0024260591 0.0072831875
16 -12 0.0010757821 0.0036343759
16 13 -0.00060411503 0.0059003494
16 -13 0.0042799843 -0.0041531675
16 14 0.0038695706 0.010194573
16 -14 -0.004991803 -0.00075019333
16 15 0.0023815257 0.0013918248
16 -15 0.0027108039 -0.0014680081
16 16 -0.00041325567 0.00055710227
16 -16 0.0013415742 0.0023638199
17 0 0.0056831696 0.0073806585
17 1 -0.0028854811 0.00083499029
17 -1 -0.0049099547 0.0028388421
17 2 0.0024182104 -0.0010757314
17 -2 0.0060288931 -0.0034469643
17 3 -0.0016633237 -0.0058852856
17 -3 -0.0029344123 -0.0021774113
17 4 -0.00054588893 0.0080935513
17 -4 0.0098206684 -0.0057161534
17 5 -0.00021938967 0.0019058684
17 -5 -0.00022013438 -0.0015406298
17 6 -0.0010051591 0.0035603845
17 -6 0.0039327298 0.00012097202
17 7 0.0024195456 0.0013635147
17 -7 0.0072411709 0.0014170926
17 8 -0.0013941719 0.002143819
17 -8 0.00016057005 0.0044978185
17 9 -0.0034549193 -0.0032957848
17 -9 -0.0017171484 0.00046462195
17 10 -0.0031949916 0.0043277381
17 -10 0.0040673336 0.0010292326
17 11 0.0010222186 0.0027796392
17 -11 -0.0036849638 -0.0047302546
17 12 -0.0042720222 0.0060158531
17 -12 0.0013592037 -0.0064224631
17 13 -0.0025530266 0.00010528501
17 -13 -0.0047197196 -0.00098366416
17 14 0.00021055093 0.0051404368
17 -14 0.00014504327 -3.3505276e-05
17 15 -0.0033484085 -0.0032436973
17 -15 -0.0015605931 -6.1540009e-05
17 16 -0.0031192339 0.0015449364
17 -16 -0.0013227048 0.00016366426
17 17 0.0021133947 -0.00012108837
17 -17 0.0009703497 -0.0011800244
18 0 -0.0080263233 -0.003641219
18 1 -0.0068446205 0.010149959
18 -1 -0.0050747819 0.0028509721
18 2 0.0059816334 -0.0054669549
18 -2 -0.0021811539 -0.0076038691
18 3 -0.0042210217 -0.0024930167
18 -3 -0.0076970973 0.001778564
18 4 -0.0082069852 0.0017724744
18 -4 0.005512266 -0.0048302993
18 5 -0.00035073428 -0.0022838692
18 -5 0.0004617191 0.00094183579
18 6 0.0031336079 -0.0012353598
18 -6 0.0015917513 0.00028945281
18 7 0.0042714967 0.0025501575
18 -7 -0.003011095 -0.0024503686
18 8 -0.0039265396 0.00047602608
18 -8 0.002193145 0.0037184729
18 9 0.0035496502 0.0019750066
18 -9 -0.0031716092 0.00081077078
18 10 -0.0011169419 0.0014703116
18 -10 -0.00019414921 -0.00069003681
18 11 -0.00075494414 0.0012749562
18 -11 -0.00013833596 0.00096574374
18 12 -0.0020777429 -0.0027385
18 -12 0.0010847504 -0.0030894266
18 13 0.0023025697 -0.0027565981
18 -13 -0.0039423924 -0.00092973585
18 14 -0.0013359971 -0.0044989477
18 -14 -0.0014566309 -0.0036948066
18 15 -0.0028180278 -0.002087044
18 -15 -7.0755173e-05 0.0012598777
18 16 -0.0027883604 0.001647417
18 -16 0.00081006977 -0.00023003786
18 17 -0.00041614143 -0.0031679063
18 -17 -0.0029762201 -0.0011957614
18 18 -0.00031609819 0.00050693088
18 -18 -0.0011217129 -0.0019958448
19 0 -0.0019387239 0.006275036
19 1 -0.00193716 0.002959642
19 -1 -0.0080687413 -0.007396467
19 2 0.0021408684 -0.0053480527
19 -2 -0.0056059318 -0.002716271
19 3 -0.0021713869 -0.010718712
19 -3 -0.0080941902 0.0052596
19 4 -0.0086176282 -0.0019275478
19 -4 0.0022417101 0.0013130727
19 5 0.0037277061 0.0024507879
19 -5 8.2853885e-05 -0.005397299
19 6 0.0024404828 0.004193594
19 -6 -0.00047213628 -0.0048990705
19 7 0.0019441516 0.0036428973
19 -7 0.0034784345 -0.00081081787
19 8 -0.0016890435 0.00045637076
19 -8 0.0044158232 0.0052510161
19 9 0.0026712987 0.0044269372
19 -9 0.00092352881 -0.0031755788
19 10 0.002119173 -0.0034162529
19 -10 -0.0022886595 -0.0015270104
19 11 0.0036113267 0.00070793436
19 -11 -0.0023825179 0.00011051377
19 12 0.0012449181 -0.00021177592
19 -12 0.0031968072 0.0007533924
19 13 -0.0019751773 0.00019874291
19 -13 0.0012049772 -0.0034381586
19 14 9.4423786e-05 -0.0041161889
19 -14 -0.00027064412 0.0027750494
19 15 -0.0019862378 -0.00058444244
19 -15 -0.0022650445 -0.00061061788
19 16 -0.0014275208 -0.00034221063
19 -16 -0.00064756547 0.0029631724
19 17 0.0027340127 -0.00015212995
19 -17 -0.0019133759 0.00040151929
19 18 0.0027890182 0.0018479144
19 -18 -4.6247829e-05 -0.00036394105
19 19 0.00031066671 -0.0012307903
19 -19 0.00080901084 0.00043248762
20 0 -0.0041489435 -0.0043323596
20 1 -0.0041865331 0.0036229351
20 -1 -0.0028609425 0.0016274181
20 2 -0.0029378126 -0.0010065078
20 -2 -0.0016303821 -0.0047585853
20 3 0.0042925124 -0.0061026451
20 -3 -0.0050686201 0.0030793709
20 4 0.0054573838 0.0030602011
20 -4 -0.0015033493 -0.0021308696
20 5 0.0004387998 -0.00092999368
20 -5 0.00015504285 0.004625667
20 6 -0.0022557226 0.001873777
20 -6 0.002978288 -0.00030044703
20 7 0.00036797563 0.00071142952
20 -7 0.0012983661 -0.0029698556
20 8 -0.00032586624 -0.0026795312
20 -8 -0.0040762085 -0.00093002315
20 9 -0.00094639705 0.00023006267
20 -9 0.00051938294 -0.00084633792
20 10 0.0015198443 0.0026500667
20 -10 0.0025254228 0.0033713428
20 11 0.0028777307 -0.0012233162
20 -11 0.0015936393 -0.0010714662
20 12 -0.00070011777 -0.00064770294
20 -12 0.0035868623 0.0016382859
20 13 -0.00089971781 0.00069016623
20 -13 0.00023817429 0.0012261722
20 14 0.0024744603 0.00021295003
20 -14 -0.001286431 0.0001326221
20 15 0.0011013212 0.00052477358
20 -15 0.00022278496 0.00064886628
20 16 -0.0011205932 0.0011969145
20 -16 0.00031843063 -0.00067545706
20 17 -0.00090703567 -0.00054128879
20 -17 -0.00030112914 0.00050923797
20 18 -0.00064803469 -0.00090844392
20 -18 -0.00042563859 0.0024625878
20 19 0.00090173554 0.00026563181
20 -19 5.5002347e-05 -0.00026387062
20 20 -0.00016189573 -0.0002791731
20 -20 -0.00080006005 -0.00054726602
21 0 -0.0013751789 0.0018258444
21 1 -0.0083098625 0.0012592049
21 -1 -0.0017305122 -0.0049838086
21 2 0.00081949229 0.0033749645
21 -2 -0.00074471361 0.0010750962
21 3 -0.0015893275 -0.0044151436
21 -3 -0.0066764637 0.0036310893
21 4 -0.00024925949 0.0017086452
21 -4 0.0031341798 0.003566835
21 5 -0.0021615542 0.0023415639
21 -5 0.00044443877 0.0030628292
21 6 0.00070006435 0.0039930148
21 -6 0.001687902 -0.002958878
21 7 0.004016234 -0.0014578134
21 -7 -0.0012810937 -0.0031018381
21 8 -0.0015447682 0.00084679256
21 -8 0.00034507891 -0.00026234615
21 9 -0.00035764659 0.00028782747
21 -9 -0.00079002796 0.0025078386
21 10 -0.0020520143 -0.00078647281
21 -10 0.0017698431 -0.00096981414
21 11 0.0023522355 -0.0022236718
21 -11 -0.00068308861 -0.0016745868
21 12 -0.00069550601 -0.00088283727
21 -12 -0.0021772868 0.00082639063
21 13 0.0011676082 0.0029875374
21 -13 0.00039924089 -0.00033515114
21 14 0.001483195 0.0021727272
21 -14 -0.0018034377 -0.00075587699
21 15 0.00033554876 0.00041678161
21 -15 -0.0014197566 0.00077240986
21 16 -0.00054404859 -9.2930126e-05
21 -16 -0.0023306397 0.0006267045
21 17 0.00016729108 0.00014294657
21 -17 0.00086481164 -0.00086088619
21 18 -0.0010343021 0.00019951161
21 -18 -0.00030599748 -0.00069407115
21 19 0.00099765923 0.0011587732
21 -19 -0.00040665655 4.6985754e-05
21 20 0.00015052432 0.00015719768
21 -20 -0.00030297268 -3.9555189e-05
21 21 0.00042559786 -0.00035389267
21 -21 0.00017461498 0.00033329176
22 0 0.0015054909 0.0012241046
22 1 -2.5149376e-05 0.00010238791
22 -1 -0.0020406548 0.0036244232
22 2 -0.0017782275 0.0020309609
22 -2 -6.8137e-06 0.0018411127
22 3 -0.0045024516 -0.0031751113
22 -3 -0.00093425144 6.471318e-05
22 4 -4.791852e-06 0.00077710898
22 -4 -0.003133607 0.00036268806
22 5 -5.1621837e-05 0.00021945155
22 -5 -0.004040088 0.00056386716
22 6 0.0013410244 3.8645368e-05
22 -6 0.0023483738 -0.0035013639
22 7 0.00013383399 0.0011382424
22 -7 0.0014808415 -0.00080420578
22 8 -0.00015073026 0.00041373834
22 -8 -0.00062620197 -0.0012283434
22 9 0.00089739039 0.00051229354
22 -9 -0.0034714062 0.00075931869
22 10 0.00018934255 -0.00085739293
22 -10 -0.0021637946 0.00063964882
22 11 -0.00013748604 0.0029794029
22 -11 0.00095066476 -0.0002431076
22 12 0.00080088131 -0.00015549649
22 -12 -0.00079620831 -0.00086648749
22 13 0.00095852874 -0.00035237732
22 -13 -0.0002591884 4.5527086e-06
22 14 -0.00055425444 0.00027811682
22 -14 -9.4304023e-05 0.0001887398
22 15 0.00064877658 -0.00038288103
22 -15 -0.0002587639 -0.00075713527
22 16 0.0016388434 -0.00023586486
22 -16 -0.00097326926 -0.00029975186
22 17 -3.149739e-05 -0.00036297772
22 -17 -1.0686229e-05 -0.00027949099
22 18 -0.00020260351 0.00040351588
22 -18 0.0013257818 -1.4804647e-05
22 19 0.00021566929 0.00012158875
22 -19 0.00036088805 0.00028376528
22 20 8.6940044e-05 0.0001452981
22 -20 0.0013271345 0.00025617798
22 21 0.00039040495 7.6081531e-05
22 -21 0.0004760879 0.00051503231
22 22 0.00037584693 0.00027862971
22 -22 9.8246837e-05 -0.00023851854
23 0 8.3957204e-06 0.0023722535
23 1 -0.0032524982 -0.0020244508
23 -1 -0.0023037312 -0.0019135566
23 2 -0.0021302873 0.0016073218
23 -2 -0.00081843932 -0.00035493652
23 3 0.0012247656 -0.0011879932
23 -3 -0.0039831159 -0.00034840226
23 4 0.00255721 -0.00061428406
23 -4 -0.0010203994 0.0024674733
23 5 -3.8585606e-05 0.00051557741
23 -5 -0.00037980438 0.0018503712
23 6 -0.0016134212 -0.00027531677
23 -6 0.0018385084 0.00086648905
23 7 -0.00035353971 0.00041709019
23 -7 0.00065156192 -0.0023875041
23 8 0.00060342781 -0.00043813174
23 -8 -0.0015651883 -0.0020396341
23 9 -0.00013175258 0.00095463415
23 -9 -0.00081343603 -0.00027260597
23 10 0.0003312588 0.0019748637
23 -10 -0.0001008022 0.0018768906
23 11 -0.00015543687 3.8859309e-05
23 -11 0.00047902422 0.00083986936
23 12 -0.00037024449 -0.00091260583
23 -12 0.00010434877 0.00069010396
23 13 -2.4210077e-05 -0.00076584377
23 -13 -0.0007849946 0.00016877497
23 14 -0.0007783579 -0.00019788711
23 -14 0.00074154082 -0.00097246175
23 15 9.6000322e-06 -4.0806927e-05
23 -15 0.0012372168 -0.00048353335
23 16 -0.00051563977 -0.00052914486
23 -16 0.00055946791 -0.00085686098
23 17 -0.00066311691 -0.00033182566
23 -17 -0.00055008064 0.00095836147
23 18 -0.00022363293 0.00022010422
23 -18 -0.00028702036 0.00050821283
23 19 -0.00037904646 -0.00021698568
23 -19 -6.203994e-05 0.00072177154
23 20 0.000235737 0.00024350155
23 -20 -0.00022995571 -6.4053321e-05
23 21 4.8525175e-05 0.00061996518
23 -21 0.00017396071 0.00049719965
23 22 0.00015477882 -0.00017315525
23 -22 -0.0004012411 0.00015864375
23 23 8.6438802e-05 -0.00021920144
23 -23 0.00019936479 -1.9853665e-05
24 0 0.00020617571 0.00054504313
24 1 0.00049980103 0.00014179278
24 -1 -0.0012347474 0.0018617986
24 2 0.0011155882 0.00060898693
24 -2 -0.00097678299 -0.00087595824
24 3 0.00010389452 -0.001404667
24 -3 5.1273285e-05 0.00015349571
24 4 0.00014685504 0.00082658783
24 -4 0.00047694769 0.00045860848
24 5 0.0002878443 0.00022892741
24 -5 -0.0022734058 0.00091165452
24 6 -0.00053678241 0.00026325938
24 -6 -0.00085861837 -0.00095728126
24 7 0.0013023088 -0.00090884689
24 -7 0.00025967745 0.00016164993
24 8 1.9994066e-05 0.00039949218
24 -8 0.0018416077 0.00032446822
24 9 -0.001289491 -0.00084199487
24 -9 0.0011822557 1.1133613e-05
24 10 -0.0015038072 -0.0009045277
24 -10 -0.00058283835 -0.00022858413
24 11 -0.00035394077 -0.00053916725
24 -11 -0.0013754464 0.0001887134
24 12 -0.00014790361 0.001006085
24 -12 -1.641464e-05 -0.00013865514
24 13 0.0004694864 0.0009236717
24 -13 0.00028359974 -0.00062580791
24 14 8.6135749e-05 0.00013624295
24 -14 0.00026968683 -0.00015002376
24 15 -0.00063606723 0.0001018179
24 -15 0.00016582142 0.00036862303
24 16 -0.00052107158 -0.00051882236
24 -16 0.0002055593 0.00093957216
24 17 -0.00027458613 7.7594498e-05
24 -17 -0.00045454496 -4.3201864e-05
24 18 0.00073053434 -3.8396111e-05
24 -18 -0.00066265238 5.8796518e-05
24 19 0.00016299428 -0.00044436183
24 -19 -0.00036787665 -0.00045827601
24 20 0.00014471473 -0.00035177984
24 -20 -0.00028826854 0.00024874806
24 21 -0.00015815773 -0.00014272593
24 -21 -0.00034199646 -0.00012584561
24 22 -0.00010152556 -0.00020504069
24 -22 -0.00025298634 4.3851411e-05
24 23 -8.9332362e-05 0.0001273925
24 -23 0.00010409403 0.00019618426
24 24 -0.00012619944 -0.00014249534
24 -24 -4.2174074e-06 0.00010345579
25 0 0.0014358749 -0.00012839785
25 1 -0.0012846892 0.00065302853
25 -1 -0.0012031906 -0.00075458699
25 2 -0.0009720879 0.00077261983
25 -2 -0.00059089354 -0.00077575427
25 3 -0.00087389969 -0.00091469944
25 -3 -0.00069812022 0.00029189809
25 4 0.0013676301 -0.00025416949
25 -4 -0.0021073683 -0.00045411181
25 5 0.00057738527 0.00059342614
25 -5 -0.00022920795 0.00019408342
25 6 0.00054640109 0.00042655766
25 -6 0.00054085403 0.0012048738
25 7 -0.00011302466 -0.00047195851
25 -7 0.00086466034 0.00029802241
25 8 0.00024934209 -0.00052076279
25 -8 0.00034513667 -0.00029619338
25 9 -0.00072930392 -0.00013076434
25 -9 -0.00025637189 2.9342716e-05
25 10 -0.00037466837 -7.9309463e-05
25 -10 -4.1526539e-05 -9.1517575e-05
25 11 -9.9849915e-05 0.00055091061
25 -11 -0.00023625532 -0.00014376053
25 12 0.00023031002 0.00040741543
25 -12 0.00062493283 -0.00022405708
25 13 0.00015795539 -1.7753954e-05
25 -13 0.00038335919 -2.021666e-05
25 14 0.00026064906 -6.8027062e-05
25 -14 -0.00026990694 0.00077523223
25 15 -0.0001741123 -6.967376e-05
25 -15 -0.0001811607 9.9015259e-05
25 16 0.00051404561 9.4319621e-05
25 -16 0.00044058921 0.00025608296
25 17 0.00022481761 0.00010635893
25 -17 -3.5736384e-05 -0.00080352053
25 18 -0.00011627921 -0.00020628984
25 -18 0.00026370128 -0.00037306735
25 19 3.5194532e-05 -4.6460244e-05
25 -19 0.00037122925 -0.00018477147
25 20 -0.00011715333 3.7839169e-06
25 -20 -5.4412929e-06 -0.00019973845
25 21 -5.0209474e-05 -0.00012736555
25 -21 -0.00010039186 -0.00023667526
25 22 4.7217371e-05 -0.00018727381
25 -22 1.5751163e-05 1.2987323e-05
25 23 -6.3503472e-05 0.00010124395
25 -23 -0.0001393839 0.00030865715
25 24 -0.00019997803 -6.731964e-05
25 -24 -2.9699605e-06 -5.3312792e-05
25 25 3.9816045e-05 6.7922608e-06
25 -25 -2.7980556e-05 0.00012756328
26 0 0.00028472775 0.00054831832
26 1 -0.00040047858 0.00030875386
26 -1 -0.00026548694 0.00035137582
26 2 0.0017393238 0.00052782453
26 -2 -0.00086090156 -0.00077633131
26 3 9.8888635e-06 -0.00088074756
26 -3 -9.1161762e-05 0.00018447426
26 4 0.0001049776 -0.00011680706
26 -4 -0.00033041725 0.0004378897
26 5 -0.00029329333 0.0003889676
26 -5 0.00047828257 0.00029511075
26 6 -0.00025337745 9.8355121e-06
26 -6 0.00057975376 0.00011630062
26 7 0.00013587667 -6.3460591e-05
26 -7 -0.0003369281 -0.0011121388
26 8 7.3162725e-05 -0.00012316557
26 -8 -1.8684225e-05 -0.00042875902
26 9 0.00033315249 0.00070235042
26 -9 0.00056330787 5.1479664e-05
26 10 -2.8693066e-05 0.00037667587
26 -10 0.00022725186 -0.00013287031
26 11 -0.0001773494 -0.00015457006
26 -11 -0.00012103209 0.00016980754
26 12 -0.00024928477 -0.00023024762
26 -12 -0.00039591286 -0.00013271839
26 13 -0.00023074552 -0.00033126407
26 -13 6.6858721e-05 -0.00024063438
26 14 0.000136997 5.8394916e-05
26 -14 0.00025776004 -2.6509126e-07
26 15 0.00035077399 0.00016162263
26 -15 -9.9789889e-05 -0.00013528561
26 16 0.00018058625 0.00038473076
26 -16 9.755997e-05 -6.5059943e-05
26 17 0.0002811333 -8.4899167e-06
26 -17 0.00030991944 0.00010934307
26 18 -0.00024590575 0.00013476051
26 -18 4.6191082e-05 -0.00012186378
26 19 0.00010490353 0.0002082375
26 -19 0.00017720435 -8.4198234e-05
26 20 -8.3570477e-05 0.00010901605
26 -20 -2.8930642e-05 -6.3127803e-05
26 21 6.6474772e-05 -4.0478372e-05
26 -21 -1.7658625e-05 2.9829046e-05
26 22 4.7882047e-05 4.5571708e-05
26 -22 5.8108754e-05 0.00013127489
26 23 -2.1735635e-05 -4.1460323e-05
26 -23 1.2271209e-05 1.7153693e-05
26 24 3.5716346e-05 -4.6181862e-05
26 -24 -4.4256674e-05 0.00010056592
26 25 -4.6069922e-05 -2.2619163e-05
26 -25 -8.3591468e-09 8.4320109e-05
26 26 1.4444631e-05 -2.7083848e-05
26 -26 -5.4196993e-05 4.2705564e-06
27 0 -0.00069599775 0.00041607494
27 1 0.00049025484 -0.00049110197
27 -1 -0.00036784606 -0.00028177593
27 2 0.00063367555 0.00017376736
27 -2 -0.00039768861 -0.00034518093
27 3 -0.00070824524 -0.00080228001
27 -3 0.00018884463 0.00012669906
27 4 0.00023866923 7.7359994e-05
27 -4 -0.00022649999 -0.00012411169
27 5 0.00011923815 3.0987876e-05
27 -5 -0.00035067222 0.00023634847
27 6 -0.00017955354 0.00012691499
27 -6 -0.00046453772 0.0002520459
27 7 -5.0416148e-05 2.0183121e-05
27 -7 -7.2698556e-05 0.00060024771
27 8 3.3646785e-05 0.000388236
27 -8 0.00032371662 0.0001533245
27 9 -0.00026228187 -0.00016926051
27 -9 0.00029476138 -0.00024426306
27 10 -7.9389407e-05 -0.00024461853
27 -10 -6.5226761e-05 -0.00015627324
27 11 -0.00013304651 0.00020936479
27 -11 -1.2276627e-05 3.9608522e-05
27 12 -2.8566789e-05 9.7270036e-05
27 -12 -0.00011713098 1.0026054e-05
27 13 3.7548358e-05 -9.8420458e-05
27 -13 -3.0342095e-05 9.7007776e-05
27 14 -5.4943489e-05 -0.00026810577
27 -14 -0.00022921505 -2.1507872e-05
27 15 -4.5102081e-05 9.7846392e-06
27 -15 -7.3600432e-05 -0.00011811535
27 16 -2.0468131e-05 0.00012175449
27 -16 -6.0813583e-06 -0.00018755117
27 17 0.00022222996 -5.175868e-05
27 -17 3.2840286e-05 -1.2762248e-05
27 18 4.6571932e-05 4.3020743e-05
27 -18 -6.073076e-05 0.00011485313
27 19 -0.0001551212 -3.9191244e-06
27 -19 -0.00015541765 -3.9758137e-05
27 20 -6.7766443e-05 1.4157415e-05
27 -20 1.0278718e-05 6.3229659e-05
27 21 1.3912136e-05 -5.3784788e-06
27 -21 5.6021228e-05 6.0126463e-05
27 22 7.0939357e-06 5.9459708e-05
27 -22 3.2965986e-05 -5.1635317e-05
27 23 2.5346267e-05 0.00010584272
27 -23 5.9883978e-05 -6.7037689e-05
27 24 4.8939069e-05 -6.3496005e-05
27 -24 -8.7160094e-06 2.2420535e-05
27 25 2.0566657e-05 -5.6926151e-05
27 -25 -1.2985303e-05 1.12459e-05
27 26 2.4518512e-05 -1.3271838e-05
27 -26 -2.7142022e-05 4.1318679e-06
27 27 -7.6771272e-06 -2.427124e-05
27 -27 -3.0397994e-06 -3.8169192e-05
28 0 0.00027156364 0.00026840244
28 1 0.00010175567 -0.00015868885
28 -1 -0.00010418767 9.5766135e-05
28 2 0.00078830316 -0.00012059442
28 -2 -5.671368e-05 -0.0001048713
28 3 -0.00013619054 -0.00048525855
28 -3 -0.00014902293 -7.0934241e-05
28 4 0.00032121849 0.00026194406
28 -4 -8.7535333e-05 9.0214787e-05
28 5 0.00026228699 8.8120113e-05
28 -5 1.2479743e-05 -6.2322761e-05
28 6 5.2816593e-05 4.1311588e-05
28 -6 2.1290512e-05 7.1286022e-05
28 7 0.00015651087 -6.4585531e-05
28 -7 0.00013632895 0.00020221579
28 8 -3.8831312e-05 -0.00035591024
28 -8 2.3835307e-05 -6.4610803e-05
28 9 -1.6541368e-06 -5.2965729e-05
28 -9 7.1219406e-06 -2.4249855e-05
28 10 -0.00018533279 0.00014125856
28 -10 4.169577e-05 8.75613e-05
28 11 -2.227203e-05 4.3433081e-05
28 -11 0.00021151186 -0.00026737341
28 12 -8.2184833e-05 -1.862152e-05
28 -12 0.0001158406 0.00014201002
28 13 -0.00019797838 4.6233868e-07
28 -13 -1.1643498e-05 4.3770544e-05
28 14 -3.5985963e-05 1.6700319e-05
28 -14 -0.00015241788 -4.4990082e-05
28 15 -9.9303164e-05 5.1303643e-05
28 -15 -9.6473914e-05 -6.8112408e-05
28 16 1.8703983e-05 -4.6128146e-05
28 -16 -1.3762742e-05 -0.0001269455
28 17 -0.00015678422 -7.9326146e-05
28 -17 -0.00010714721 -0.00010161003
28 18 6.4210236e-05 -8.5408515e-05
28 -18 -3.1981603e-05 5.0192092e-05
28 19 -8.3425919e-05 -3.7848511e-05
28 -19 1.8856926e-05 0.00010067258
28 20 8.8363576e-06 1.1833313e-05
28 -20 9.6888366e-06 -7.0840163e-06
28 21 -1.3936833e-07 5.633643e-05
28 -21 3.3817414e-05 -1.8154942e-05
28 22 -1.3352999e-05 -5.6188328e-05
28 -22 2.4927949e-05 1.8179326e-05
28 23 2.3319667e-05 5.4198503e-05
28 -23 -1.0709897e-05 1.7285284e-05
28 24 -5.6386503e-06 1.0667325e-05
28 -24 -2.3809404e-06 8.1196686e-06
28 25 2.5649353e-05 1.4191006e-05
28 -25 -1.2600453e-05 4.1889745e-05
28 26 4.9081924e-05 -2.2292203e-05
28 -26 1.6830477e-05 -1.2564329e-05
28 27 -2.2707327e-05 1.3867218e-05
28 -27 1.8424435e-06 1.8201105e-07
28 28 1.1592e-05 -1.3978456e-05
28 -28 1.0798626e-05 5.989446e-06
29 0 -1.3670091e-06 0.00016332881
29 1 -2.7280067e-05 -9.1286999e-05
29 -1 1.6643226e-05 -8.0287342e-05
29 2 0.00020130659 -0.00013266487
29 -2 -0.00017910215 0.00011709847
29 3 -7.9740894e-05 -0.00025547035
29 -3 -0.00016379921 -1.831616e-05
29 4 3.2055993e-05 1.0810361e-05
29 -4 -2.0589611e-06 -0.00011386103
29 5 3.8719948e-05 -3.5348585e-05
29 -5 0.0001407745 -6.8195207e-05
29 6 7.2441153e-06 9.8458137e-05
29 -6 -0.00014854893 8.6207514e-05
29 7 5.1282366e-06 -7.6814775e-05
29 -7 -0.000237885 0.0002000244
29 8 0.00011576 -1.2397452e-05
29 -8 -1.096976e-05 0.00012987014
29 9 3.8111013e-05 0.00011159561
29 -9 0.00012626618 6.9393572e-05
29 10 -8.7111724e-05 1.677199e-05
29 -10 0.00013074806 -2.6658266e-05
29 11 -0.00013171069 -4.698761e-05
29 -11 1.2822975e-05 3.6077587e-05
29 12 4.1121625e-06 1.0387566e-05
29 -12 -5.6718858e-05 -0.00010276897
29 13 -2.2013143e-05 0.00013631465
29 -13 -1.9492439e-05 -6.704667e-05
29 14 -2.149753e-05 8.863092e-05
29 -14 0.0001096745 -4.0784543e-05
29 15 4.8489582e-05 -2.1406757e-05
29 -15 5.3529826e-05 0.00012146775
29 16 -4.6062185e-05 -6.5588038e-05
29 -16 3.8792913e-05 6.9532844e-05
29 17 -0.00012863744 -1.3836559e-05
29 -17 -2.5471339e-05 6.1445437e-05
29 18 3.5841439e-05 -1.2350261e-06
29 -18 6.7826285e-06 -2.8018239e-05
29 19 0.00010267666 -2.6280852e-05
29 -19 -2.4608045e-05 4.6022078e-05
29 20 4.0378887e-05 -5.5741504e-05
29 -20 -1.5939552e-05 3.5322439e-05
29 21 -8.262842e-07 1.297772e-06
29 -21 2.698801e-05 -2.241415e-05
29 22 -1.2007563e-05 1.2615429e-05
29 -22 -1.3710543e-05 4.7419899e-05
29 23 -3.782286e-08 -3.7187121e-05
29 -23 -2.0319687e-05 -5.4769288e-05
29 24 -1.5187748e-05 2.78858e-05
29 -24 2.2564094e-05 8.6128668e-06
29 25 4.5143243e-06 2.1680438e-05
29 -25 2.0728271e-05 1.2085026e-05
29 26 6.4967961e-06 -2.8803633e-05
29 -26 -1.6469432e-05 -1.9625244e-05
29 27 -1.4801552e-05 1.0753557e-05
29 -27 1.5141387e-05 -1.5216885e-05
29 28 -1.7344033e-05 2.1749688e-05
29 -28 1.7737104e-06 8.8573247e-06
29 29 -1.1472564e-05 -1.8665053e-05
29 -29 -6.7035317e-06 -2.0998632e-06
30 0 0.00012910194 7.8015755e-06
30 1 3.4056441e-05 -6.6109221e-05
30 -1 3.1924554e-05 -1.9213859e-06
30 2 0.00042208277 -0.00013458244
30 -2 -0.00018261726 -6.1643068e-05
30 3 -8.8849475e-05 -2.609187e-05
30 -3 1.2094185e-05 -5.3936328e-05
30 4 7.399491e-06 -2.456784e-05
30 -4 -6.4090677e-05 6.2794345e-05
30 5 -1.6664035e-05 -2.6383652e-05
30 -5 3.2058372e-05 -0.0001387216
30 6 8.003029e-05 0.00014436207
30 -6 -1.2562461e-05 0.00016073671
30 7 4.4630902e-05 2.520407e-05
30 -7 4.6495326e-05 6.7468966e-05
30 8 5.4669021e-05 -4.319504e-05
30 -8 6.141556e-06 1.3266877e-06
30 9 3.4406186e-05 -6.6090665e-06
30 -9 7.7932378e-05 -5.9708847e-05
30 10 2.0250761e-05 4.0499135e-05
30 -10 -2.1701507e-05 1.3082508e-05
30 11 -8.0896985e-05 4.6912687e-05
30 -11 4.7138422e-05 1.6365212e-05
30 12 9.3941865e-05 -3.4436293e-05
30 -12 -1.5658585e-05 -5.764154e-05
30 13 1.5558825e-05 -7.7466219e-06
30 -13 1.5075625e-05 5.1362755e-05
30 14 -5.4797685e-07 -8.9432225e-05
30 -14 0.00012715849 7.4291535e-05
30 15 4.3903384e-05 -2.1361674e-05
30 -15 7.0774889e-05 2.8422489e-06
30 16 -6.7332998e-05 1.9074825e-05
30 -16 1.1758564e-05 1.72095e-05
30 17 3.8146985e-05 -5.9257234e-06
30 -17 5.0442841e-05 1.0468872e-05
30 18 9.5713573e-06 -3.4861346e-06
30 -18 1.8132506e-05 -3.9546151e-05
30 19 4.071702e-05 -1.6533294e-06
30 -19 -3.7974593e-05 2.0085352e-05
30 20 1.7213624e-06 1.9590853e-10
30 -20 -2.0526667e-05 1.9067378e-05
30 21 1.3695024e-05 -8.8971867e-06
30 -21 -2.4877804e-05 -2.9900065e-06
30 22 -2.7542649e-06 8.1964316e-06
30 -22 -4.9978743e-05 -2.4198838e-05
30 23 -2.2622824e-05 -3.0433618e-05
30 -23 -1.4769229e-05 -8.0919361e-06
30 24 8.307084e-06 4.7264541e-05
30 -24 -1.1256877e-05 -3.7981982e-06
30 25 1.2260628e-06 -2.8521455e-05
30 -25 -2.9174303e-06 -2.7267283e-05
30 26 -2.8828312e-06 1.5095959e-05
30 -26 -6.0537386e-06 -6.9937342e-06
30 27 1.6261732e-05 8.3101727e-06
30 -27 -3.1707503e-06 1.2892163e-05
30 28 -9.8828991e-06 4.4930227e-07
30 -28 -2.231635e-05 1.2261735e-06
30 29 4.013838e-06 6.0534652e-06
30 -29 -1.6571735e-05 -8.00541e-06
30 30 -3.5597097e-06 8.5794219e-06
30 -30 -6.5226258e-07 -2.1326059e-06
