# Magnetic signature of oceanic N2 tide derived using KALMAG
# Using CHAMP, Swarm and Observatories until 2022.85 (Julien, pers. comm.)
# Phase given with respect to the Greenwich meridian
# First data line: N_max T_M2 (in hours)
# Subsequent data lines: degree n   order m   a_n^m/b_n^m   c_n^m/d_n^m
# where m >= 0 correspond to the cosine time dependent terms a_n^m resp c_n^m,
# and m < 0 correspond to the sine time dependent terms b_n^m resp d_n^m.
   30 12.65834751
1 0 -0.0015355758 0.0064944524
1 1 -0.00077770421 0.0042580053
1 -1 -0.0025465037 0.013278719
2 0 -0.005540123 0.02058238
2 1 -0.021209047 0.0034884837
2 -1 -0.010577164 0.010660268
2 2 0.015170977 0.012948598
2 -2 0.0020293712 -0.018438807
3 0 -0.0057574185 -0.0026413249
3 1 -0.019048231 -0.0047727069
3 -1 -0.004887529 0.0065868301
3 2 -0.015637387 -0.0010638066
3 -2 -0.0061209525 -0.010686845
3 3 0.0033592693 -0.014764532
3 -3 0.013548116 0.0032477226
4 0 0.010155063 0.0095927584
4 1 0.0046054131 -0.0052551486
4 -1 -0.0097164437 -0.021270563
4 2 0.011193249 -0.0092143985
4 -2 0.00744239 0.0037016183
4 3 -0.019723007 0.0013309973
4 -3 -0.0098713724 0.0016092657
4 4 -0.0019284111 -0.0016919369
4 -4 0.013499555 -0.0013207104
5 0 0.0027627499 0.0038113439
5 1 -0.014236131 -0.0024599008
5 -1 0.0045581839 0.012723105
5 2 -0.015737306 0.023297857
5 -2 0.0082379485 -0.0071992978
5 3 0.013688839 -0.0088072536
5 -3 0.015295671 -0.0025892982
5 4 0.020245706 -0.010902617
5 -4 -0.015330159 -0.012585533
5 5 0.0060863506 0.00093935189
5 -5 0.0024702142 -0.0011055301
6 0 -0.0034681244 -0.011839388
6 1 0.018263341 0.0090884811
6 -1 -0.013757871 -0.00017511523
6 2 -0.0018431989 -0.00863226
6 -2 0.0011756812 0.0046909157
6 3 0.0094466827 -0.0062227441
6 -3 -0.0038679528 0.0044833297
6 4 -0.0084699777 -0.00054782473
6 -4 0.0014110689 0.019419663
6 5 -0.0045923789 0.015321942
6 -5 0.005131608 0.0019208276
6 6 -0.0044860677 -0.0013165903
6 -6 -0.0026555718 -0.0011156508
7 0 -0.00073975459 0.013991801
7 1 -0.0003322111 0.0035864906
7 -1 0.0022416184 -0.002316209
7 2 0.0011153186 -0.0051781056
7 -2 -0.012613873 0.006177677
7 3 -0.010313207 0.0020298679
7 -3 0.0055096864 -0.0037650905
7 4 -0.0012872294 -0.0017931396
7 -4 0.0047929556 -0.00550708
7 5 -0.0012339164 -0.0051429574
7 -5 -0.0024592552 -0.00041400459
7 6 -0.0090656944 -0.0026989837
7 -6 0.012722843 0.00047904337
7 7 0.01160672 -0.0028387545
7 -7 0.003700031 0.0060987574
8 0 -0.0031713897 -0.0017406854
8 1 -0.0016708516 0.0027352837
8 -1 0.0044084068 -0.00695125
8 2 -0.0051384512 0.0050512523
8 -2 -0.0042570739 -0.01007791
8 3 0.0014345799 -0.00087385123
8 -3 0.0019877085 0.00082443212
8 4 0.0062690447 0.0018487274
8 -4 0.0033814764 0.0017709647
8 5 0.0084256589 -0.0062138735
8 -5 0.0089534169 0.0061847487
8 6 0.0043395186 0.00091989975
8 -6 -0.0030677242 0.0072769371
8 7 0.00069205045 0.0032397492
8 -7 -0.0016765585 0.0056056161
8 8 0.0050730386 0.00099791558
8 -8 -0.0052524233 -0.0047622308
9 0 -0.00060096444 0.0018816918
9 1 -0.0048243451 0.0014621132
9 -1 0.00098856443 0.0026668904
9 2 0.0043203241 -0.00026512675
9 -2 0.00048561668 -0.0057404762
9 3 0.00097566219 0.0033229859
9 -3 -0.001786078 0.0054262154
9 4 0.0049814016 -0.0049645658
9 -4 -0.0021890624 -0.0049448985
9 5 0.0028634966 -0.0040781746
9 -5 0.00010018977 0.0044316092
9 6 0.0033189371 0.0020269184
9 -6 -0.00089322471 -0.0011724064
9 7 0.0041736853 -5.4526151e-05
9 -7 0.0011332391 -0.0031960184
9 8 0.0025581887 0.00060255282
9 -8 0.00044074244 -4.2118825e-05
9 9 -0.00047892043 0.0034484782
9 -9 0.0010620796 0.0069933595
10 0 0.0022577442 -0.0072782554
10 1 0.00067876919 -0.0004346624
10 -1 0.0021488695 -0.0051279179
10 2 -0.0058932563 -0.00016362353
10 -2 0.0042352998 -0.0060876918
10 3 -0.0017716226 -0.0011572917
10 -3 -0.00093799308 -0.00075465416
10 4 -0.00369137 -0.0026257395
10 -4 -0.0013510847 0.0060575153
10 5 0.00073407426 0.00077744866
10 -5 -0.000669568 0.0036913742
10 6 -0.00020572504 -0.00063260826
10 -6 0.0015307505 0.00025448453
10 7 0.0014329567 0.0016571044
10 -7 0.0012702045 0.00025226169
10 8 -0.00088880237 0.0011613609
10 -8 0.00026305124 -0.00085171144
10 9 -0.0018665483 0.0024355558
10 -9 0.00094977729 0.00061186299
10 10 0.0041299624 -0.0010768117
10 -10 -0.00030465821 0.0014132301
11 0 0.0030385288 0.0042363429
11 1 -0.0021935546 -0.0050260896
11 -1 0.00055241982 -0.00081138353
11 2 0.0014327755 0.0012089505
11 -2 0.00069984549 -0.0017336707
11 3 0.0026029898 -0.00016491872
11 -3 0.0014265503 -0.00025524201
11 4 0.0013945455 0.0021684135
11 -4 -0.0035826819 -0.00056558175
11 5 0.0010397352 -0.0023627764
11 -5 0.0018822075 0.0023601624
11 6 -0.0015657094 4.2039468e-05
11 -6 0.0022976283 4.6404197e-05
11 7 -0.0022398277 0.0013383056
11 -7 0.0014083609 -0.001698356
11 8 0.00090565119 -0.0045640897
11 -8 0.0036836179 -0.0049825645
11 9 -0.00080538368 0.0023393344
11 -9 -0.001770551 -0.00028215524
11 10 -9.8787316e-05 -0.0014098116
11 -10 0.0025121709 0.0036444329
11 11 9.590458e-07 0.0019375608
11 -11 -0.00082210595 -0.0002228549
12 0 0.00051711016 -0.0040993026
12 1 0.0030714711 -0.0070023903
12 -1 0.003338247 -0.0064663237
12 2 -0.00017579737 0.0028651831
12 -2 0.0039153215 -0.0038932087
12 3 -0.00078922536 -0.0014373889
12 -3 -0.00013882139 -0.0028661541
12 4 0.00087056121 -0.0019116209
12 -4 -0.0045878317 -2.3091308e-05
12 5 0.001725679 -0.0013298836
12 -5 -8.636363e-05 0.002153221
12 6 -0.00089343431 0.00038661585
12 -6 0.0046645456 -0.00092279265
12 7 0.0021970335 0.0013019786
12 -7 0.0015460026 0.001697725
12 8 0.00066041551 0.0013596098
12 -8 -0.0013954257 0.00041866535
12 9 0.00031380857 -0.00016642085
12 -9 0.0027025042 0.0023225677
12 10 0.0024318819 0.00012507574
12 -10 0.00057680028 -0.00038882571
12 11 -0.0020236536 8.0738238e-05
12 -11 0.0037315755 0.00059363282
12 12 -0.0012541207 -0.00044180875
12 -12 -9.276726e-05 0.00034141971
13 0 0.0025016074 0.0015378575
13 1 -0.0020672255 -0.0043132019
13 -1 -0.00082553564 -0.0022315265
13 2 -0.0013235638 0.005095427
13 -2 -0.0015075697 -6.1708399e-05
13 3 -0.0022469087 -0.00065119919
13 -3 0.00024081069 -0.0029714408
13 4 0.0017326467 -0.0007309667
13 -4 -0.0026254983 0.00011799991
13 5 0.00031602904 -0.0005344544
13 -5 0.0017819207 0.0019884438
13 6 0.00094655219 -0.00096702073
13 -6 0.0020361566 0.00088785853
13 7 0.00028053937 9.9580091e-06
13 -7 0.0002394484 0.00041223046
13 8 0.0017843467 -0.00087703319
13 -8 0.00070203039 0.00038819954
13 9 0.0017727453 -0.00036501404
13 -9 0.00046643289 -0.0017654222
13 10 0.00029185271 -9.3229817e-06
13 -10 -0.0015462455 -0.0007641532
13 11 0.0018662556 0.0011844517
13 -11 -1.0870477e-05 0.0014655799
13 12 -8.7370593e-05 -0.00058495127
13 -12 0.000468522 0.0018012153
13 13 -0.00013680581 -7.1298303e-05
13 -13 -2.610066e-05 0.0010513117
14 0 0.00052768675 -0.0052135631
14 1 0.0042029059 -0.0070363407
14 -1 0.00039308033 -0.0025690078
14 2 0.00041205801 0.0017428658
14 -2 0.0020919189 0.00060819802
14 3 0.00057623245 0.00032714914
14 -3 0.0034694696 -0.0013289405
14 4 0.00013508658 -0.0013668653
14 -4 -0.0017272572 0.00031322231
14 5 -0.0013499136 -0.00032478644
14 -5 -0.00105257 0.0012767865
14 6 -0.00044186182 -0.00027644214
14 -6 -8.4635674e-05 -0.00099826046
14 7 -0.00048623514 -0.0003045893
14 -7 0.0030092612 -0.001037805
14 8 0.0010964755 0.00098223997
14 -8 0.0010122068 -0.00068121627
14 9 0.00071138577 -0.00059312553
14 -9 -0.0012210206 0.00044249609
14 10 -9.3292558e-05 6.5069824e-05
14 -10 0.00042256534 0.00059391384
14 11 -0.00028301055 0.00027324427
14 -11 -0.00066190045 2.1931999e-05
14 12 -0.001082582 0.00027471678
14 -12 -2.0734802e-05 -0.00012271457
14 13 0.00016305683 -5.583475e-05
14 -13 -0.00050163695 0.0016698793
14 14 0.00017375131 -8.0032576e-05
14 -14 0.00050084621 0.00060946318
15 0 0.0026078398 0.0011625389
15 1 0.00073722962 -0.0042893964
15 -1 0.00018325027 -0.0031751132
15 2 -0.0010422352 0.0031187833
15 -2 -0.00077561649 0.0022193095
15 3 -0.0013200065 -0.00030960542
15 -3 -0.0001628037 -0.0027176244
15 4 -0.002391969 0.0002186774
15 -4 0.00046577807 0.00084881355
15 5 -4.2499942e-05 2.4495077e-05
15 -5 0.0015398132 0.0018716215
15 6 0.00018601156 0.00079888553
15 -6 0.0021118731 -0.00076669239
15 7 -0.00027277053 -0.00061333366
15 -7 -0.00055495076 -0.00050460941
15 8 -0.00053813873 0.00074932241
15 -8 -0.00052639249 -0.00010640695
15 9 0.00045687298 0.00035411556
15 -9 5.7505987e-05 0.00059596993
15 10 0.00027399092 -0.00079691535
15 -10 8.7024113e-05 -0.00092487145
15 11 -0.00038134146 -0.00023358686
15 -11 0.0009100203 -0.00035578918
15 12 0.00071971023 -0.00076457894
15 -12 0.00050987081 0.00048310705
15 13 2.5881245e-05 -0.00020879472
15 -13 0.00062701883 0.0002023028
15 14 0.00077602718 -0.00023658789
15 -14 0.00091229843 0.00073583793
15 15 -3.4965397e-05 -0.00028831558
15 -15 0.00046041454 0.00022298199
16 0 -0.0016954235 0.00072111645
16 1 0.00521026 -0.0050726646
16 -1 0.00059022675 -0.0021674419
16 2 0.00039514321 0.00042660616
16 -2 -9.2451909e-05 0.0029855134
16 3 -0.0014529883 0.001529113
16 -3 0.00070607499 0.00080764962
16 4 0.00077621679 0.00075929503
16 -4 -0.00039744523 0.00064704462
16 5 0.0014567986 -0.0007375419
16 -5 -0.00016182426 0.00028927833
16 6 -0.000456863 -0.00084974189
16 -6 -0.0011341349 0.00011782617
16 7 8.2771748e-05 0.00042499963
16 -7 0.00020375515 -4.0464476e-05
16 8 3.4942349e-05 0.00050990961
16 -8 1.836064e-05 0.00018113014
16 9 0.00011584332 0.00019023896
16 -9 0.00060589854 -0.0001222683
16 10 -0.00012546819 -0.00038584445
16 -10 8.199508e-05 0.00049593129
16 11 -0.00017563148 2.9766356e-06
16 -11 -0.00036362198 0.00019910917
16 12 0.0006893144 0.00014833421
16 -12 0.0003620426 -0.00047936169
16 13 -0.00013493827 0.00075041242
16 -13 0.0005920301 -0.00053531095
16 14 0.00030332644 -0.00019458717
16 -14 -0.00040970101 0.00014622203
16 15 0.00024648201 -0.00014715931
16 -15 -6.8325483e-05 2.679144e-05
16 16 0.00012950365 0.00022258601
16 -16 -0.00041176796 -0.00050445995
17 0 0.0024509399 0.00047832186
17 1 0.00086299911 -0.0036836525
17 -1 -0.0003119309 -0.0023666529
17 2 -0.0016783413 0.0018164212
17 -2 -0.00077291339 0.0015397885
17 3 -0.0026059076 -0.00016958514
17 -3 0.0014142747 -0.0012523005
17 4 0.00032376552 -0.00018360809
17 -4 0.00065375456 0.00046612197
17 5 0.00034869312 0.00010798774
17 -5 0.00056449817 -0.00049821367
17 6 0.00089527103 -0.00083772124
17 -6 -0.00027645827 -0.0002204799
17 7 0.00038695982 -1.5112996e-05
17 -7 0.0002450838 -0.00077525793
17 8 0.00027032097 -0.00035529072
17 -8 0.00046285884 -0.00024145037
17 9 -0.00051987593 -0.00010479438
17 -9 0.0004190501 0.00024098029
17 10 -0.00013557907 0.00080861792
17 -10 0.00013350037 0.00019355735
17 11 -0.00042642911 -0.00022451459
17 -11 -0.00034977611 -0.00013149501
17 12 2.2867999e-05 0.00027202213
17 -12 -3.3991187e-05 -0.00038535349
17 13 0.00022165414 3.0717833e-05
17 -13 3.2413064e-05 0.00034542327
17 14 -0.00049169163 -0.00027271507
17 -14 -3.0620948e-05 7.0886927e-05
17 15 -0.00050702994 0.00013416272
17 -15 -0.00018398151 -0.00041835496
17 16 -0.00020940294 0.00062510862
17 -16 0.00031477246 2.3539256e-05
17 17 -0.00031708765 -7.3970251e-05
17 -17 -0.00030105868 -3.5739561e-05
18 0 -0.00086242339 0.00053996153
18 1 0.0029066331 -0.0022499864
18 -1 -6.8549075e-05 -0.00084961592
18 2 0.00034039808 0.00030300991
18 -2 -0.00078160951 0.0019148664
18 3 -0.0010474425 0.00081127156
18 -3 0.00083804709 0.0010095849
18 4 -0.00027301894 0.001149732
18 -4 0.00033022104 -9.062e-05
18 5 -0.00042260846 0.00028014918
18 -5 -0.00013679047 1.2519735e-05
18 6 -0.00030745891 -0.00010262871
18 -6 2.9790952e-05 0.00027505561
18 7 -0.00027461272 -0.00012638926
18 -7 1.4861163e-05 0.00014985269
18 8 0.00021792367 -0.00073767792
18 -8 2.3176067e-05 -0.00044967035
18 9 -1.4514682e-05 -0.00010422299
18 -9 -0.0005068357 -6.3890172e-05
18 10 0.00017266669 0.00014488653
18 -10 7.8001099e-05 -0.00012948629
18 11 0.00021490737 0.00023591998
18 -11 0.0002873437 3.5244005e-05
18 12 -0.00015310573 -0.00011096489
18 -12 -0.00032157964 9.1895361e-05
18 13 0.00017990019 -0.00023480241
18 -13 -0.0002295852 -0.00014472915
18 14 -0.00024368145 0.00012883367
18 -14 -8.7353548e-05 -6.1847501e-05
18 15 -6.5103647e-06 0.00019293928
18 -15 -5.2852574e-05 -7.0604472e-05
18 16 -0.00038798334 -0.00014178128
18 -16 0.00015989762 -8.7707059e-05
18 17 0.00020351324 0.00045499869
18 -17 -0.00028225354 -0.00014944557
18 18 -6.392892e-06 0.00019261364
18 -18 0.0001925369 0.00022376752
19 0 0.00093299393 0.00054404735
19 1 0.00012350123 -0.0015301102
19 -1 -6.3695905e-05 -0.0013556787
19 2 -0.00071824133 0.0011196385
19 -2 -0.00098654159 0.0014146491
19 3 -0.0010308773 -0.00035757309
19 -3 0.00097388998 -1.6247584e-05
19 4 -0.00085660152 0.00087291541
19 -4 0.00097877912 0.00032043377
19 5 0.00033072949 0.00063461429
19 -5 0.00037055628 0.00039497199
19 6 9.1775222e-05 0.00014934781
19 -6 -0.0004040668 -0.00014583001
19 7 0.00021735351 -0.00011660847
19 -7 2.1477713e-05 -0.00011577984
19 8 0.00020309419 -0.00018114767
19 -8 0.00019593194 -0.00011110385
19 9 0.00014812801 5.9415722e-05
19 -9 -9.9235441e-05 -0.00015472164
19 10 3.1041933e-05 -0.00061897349
19 -10 7.5325815e-05 -1.8266618e-05
19 11 0.00036640689 0.00019916265
19 -11 5.8121405e-05 9.5191121e-05
19 12 0.00023974858 -0.00011217738
19 -12 -0.00040452049 -0.00010824548
19 13 -7.602158e-05 -5.8495746e-05
19 -13 -0.00013791063 -0.00013678487
19 14 -8.172554e-05 -5.1832827e-05
19 -14 -7.5295439e-06 -7.2935674e-05
19 15 4.279287e-05 -0.00013223771
19 -15 5.5186206e-06 0.00019090316
19 16 -4.5191206e-05 5.9602452e-05
19 -16 -0.00012152619 8.6563219e-05
19 17 3.2535813e-05 -0.00016350635
19 -17 -8.8662247e-05 4.6481645e-05
19 18 -2.5533122e-05 0.00020087285
19 -18 0.00017043608 7.3432422e-05
19 19 -5.1597848e-05 -9.7372864e-06
19 -19 6.0087587e-06 -7.0743068e-05
20 0 -0.00085848062 0.00058003064
20 1 0.00095186839 -0.0010578004
20 -1 0.00028133494 -0.00058622104
20 2 -5.1634506e-05 0.00052486158
20 -2 -0.00064161105 0.00017816731
20 3 -0.00055465824 -5.3692464e-05
20 -3 0.00061686428 0.00052951256
20 4 -5.1985127e-05 0.00086646947
20 -4 0.00027701242 0.00030459172
20 5 8.1516499e-05 -1.5218776e-05
20 -5 -8.777201e-06 -0.00020339279
20 6 -0.00010739513 -0.00020609845
20 -6 -0.00029267265 -1.2762486e-05
20 7 -0.00011974739 4.1586086e-05
20 -7 -0.00012371296 2.9852943e-06
20 8 -0.00013998626 8.2983586e-05
20 -8 -2.671521e-05 3.2746662e-05
20 9 -0.00019939109 5.6230373e-05
20 -9 -6.9339872e-06 1.2676275e-05
20 10 -2.7236035e-05 -3.8738832e-05
20 -10 2.8667251e-05 5.4231076e-05
20 11 0.0001096015 4.3712285e-05
20 -11 -4.1552933e-05 -9.7845159e-05
20 12 2.4704675e-05 -0.00013567259
20 -12 0.00017285901 -0.00010973293
20 13 -5.1939483e-05 -0.00011862436
20 -13 -5.7343529e-05 7.4738794e-05
20 14 -2.941152e-05 -2.0202823e-05
20 -14 3.2825757e-05 -7.5041049e-05
20 15 0.00015183939 -5.8655185e-05
20 -15 1.8628474e-05 -3.5776659e-06
20 16 -3.0719605e-06 3.1038633e-05
20 -16 -3.9847118e-05 3.7475645e-05
20 17 -0.00010647552 6.9705544e-06
20 -17 4.795795e-05 6.0017186e-05
20 18 3.6314657e-05 -6.9129721e-05
20 -18 -5.8687183e-05 -3.96513e-05
20 19 -6.1399031e-05 -5.5005728e-06
20 -19 -2.5838444e-05 6.4963413e-05
20 20 5.9709138e-05 1.7034303e-05
20 -20 9.229915e-07 1.4481462e-05
21 0 -9.4936524e-05 6.0226929e-05
21 1 0.00015929618 -0.00088349017
21 -1 -4.4654768e-05 -0.00061635781
21 2 0.00042266531 0.00045021166
21 -2 -0.00053207271 0.00045993248
21 3 -0.00042341352 -0.00023145837
21 -3 0.00023040857 0.000164867
21 4 1.9686021e-05 0.00011575415
21 -4 0.00048411137 -1.0845519e-06
21 5 0.00028601021 0.00021342539
21 -5 -0.00011068997 3.1542958e-05
21 6 -8.5372629e-05 -0.00019762445
21 -6 -0.0003328161 -0.00010715421
21 7 -9.8480875e-05 -0.00015073055
21 -7 -0.00026643677 0.00023820324
21 8 -0.00015775088 -1.9961466e-05
21 -8 -6.9435236e-05 0.00030208403
21 9 1.6348128e-05 -0.00014879813
21 -9 0.00015728475 6.3337279e-05
21 10 -0.00013161235 0.00010173028
21 -10 -4.6108696e-05 -7.8275263e-05
21 11 -0.000253418 -9.320759e-05
21 -11 -8.9959602e-05 -4.4217012e-05
21 12 -0.00010494539 0.00012319395
21 -12 3.2185034e-05 -7.3606653e-05
21 13 0.00013410895 4.4282354e-06
21 -13 -0.00010662178 -9.9754497e-05
21 14 3.6195477e-05 6.550907e-05
21 -14 8.3422051e-05 -1.4448466e-05
21 15 2.7822616e-06 4.4625325e-05
21 -15 5.2613298e-05 1.6878914e-05
21 16 -4.5106996e-06 3.4948689e-05
21 -16 6.6497307e-05 -2.9320611e-05
21 17 -1.1769816e-05 1.2253891e-06
21 -17 -6.0688793e-05 -1.0035837e-05
21 18 7.2884229e-05 -6.1147698e-05
21 -18 -5.4897478e-05 -7.8897014e-05
21 19 1.1849899e-05 1.2992077e-05
21 -19 -3.236987e-05 -1.4948609e-05
21 20 -7.7918845e-05 3.5728788e-05
21 -20 -4.045578e-06 6.5681723e-05
21 21 4.434891e-06 -3.9048301e-05
21 -21 -5.8323179e-05 7.0055045e-07
22 0 -0.00020969776 0.00016301841
22 1 0.00032278831 -0.00026261505
22 -1 0.00022199455 -0.00018172194
22 2 -5.2389454e-05 0.00012056741
22 -2 -9.770998e-05 -0.00023572029
22 3 -0.00027987427 -0.0001386444
22 -3 0.00014523382 -1.1310843e-05
22 4 -0.00011632532 7.5335256e-05
22 -4 0.00016705059 -5.2094781e-05
22 5 -0.00015882301 3.8024458e-05
22 -5 9.5517759e-05 8.3544205e-05
22 6 -0.00013622256 -0.00015991556
22 -6 -3.6333886e-05 -2.8169608e-05
22 7 -1.0136887e-05 0.00020817337
22 -7 -6.9744646e-05 4.5597089e-05
22 8 9.3008379e-05 -0.00012700583
22 -8 3.7877439e-05 1.1156886e-05
22 9 1.9668955e-05 -4.1509423e-05
22 -9 -9.0712071e-06 2.7079863e-05
22 10 5.3165034e-06 9.3096323e-06
22 -10 1.806726e-05 -9.3823539e-05
22 11 -2.0495326e-05 -1.426486e-05
22 -11 -3.795203e-06 -7.8842811e-06
22 12 1.3962822e-05 7.1080051e-05
22 -12 3.6493501e-06 -5.4163305e-05
22 13 4.7423589e-06 6.0195093e-05
22 -13 0.00010599617 3.8022134e-05
22 14 5.5569693e-05 -1.6956698e-06
22 -14 -7.5623104e-05 -5.6701746e-06
22 15 -0.00011528268 3.7353426e-05
22 -15 4.4958198e-05 -8.4594552e-06
22 16 -1.6940291e-05 -2.0232636e-07
22 -16 6.0339626e-06 -1.2138802e-05
22 17 2.7954491e-05 1.0357233e-05
22 -17 -2.4206362e-07 1.2984908e-05
22 18 1.2436959e-05 9.9996603e-06
22 -18 -5.5459651e-06 -1.5734254e-05
22 19 4.6744642e-06 5.7298582e-05
22 -19 1.4102346e-06 1.055265e-06
22 20 5.27071e-05 -1.5091819e-05
22 -20 1.3771272e-05 1.5042862e-05
22 21 6.8557663e-07 -3.408045e-05
22 -21 1.2826611e-05 4.1357601e-05
22 22 1.0634764e-05 4.5061328e-05
22 -22 1.0937172e-05 1.7065605e-05
23 0 -0.00010510831 -2.1882365e-06
23 1 -0.0001350799 -0.00040964749
23 -1 0.00023434078 -8.4163209e-05
23 2 0.0001319334 0.00019194122
23 -2 -0.00011949088 4.0760754e-05
23 3 6.8692867e-05 -0.00030448071
23 -3 9.3438135e-05 1.887743e-05
23 4 -9.1379229e-05 0.00013333234
23 -4 0.00029019518 -3.6337694e-05
23 5 -6.4937627e-05 3.5226363e-05
23 -5 -2.4708175e-05 0.00015839107
23 6 -0.0001085763 0.00013221872
23 -6 -9.9608181e-05 2.8474421e-05
23 7 -0.00013294252 2.9529737e-05
23 -7 -8.8566713e-05 3.4546766e-05
23 8 4.0910665e-05 8.5743645e-06
23 -8 -2.6300889e-05 -2.313297e-05
23 9 5.9498925e-05 0.00011641663
23 -9 4.5153487e-06 3.0581478e-05
23 10 7.9416188e-05 3.8092736e-05
23 -10 -4.2488323e-05 -9.0149535e-06
23 11 -3.9715011e-05 2.9732213e-06
23 -11 0.00010268026 -3.4097977e-06
23 12 -2.1938032e-05 -4.7526757e-05
23 -12 4.1116015e-05 1.7451543e-06
23 13 -9.6607267e-05 1.4052304e-05
23 -13 4.3996744e-05 6.0709088e-05
23 14 2.4150041e-05 -3.6223653e-07
23 -14 -7.9159094e-05 -1.2619246e-06
23 15 3.4429258e-05 4.4941072e-05
23 -15 -4.4563916e-05 -1.9300566e-05
23 16 -5.4113264e-06 1.8180607e-06
23 -16 -2.6292658e-05 -5.9153827e-06
23 17 -1.8363716e-05 3.1127337e-05
23 -17 5.3471332e-05 3.3252556e-05
23 18 -2.1634247e-05 -1.1917062e-06
23 -18 -1.1709972e-05 3.6050068e-05
23 19 -6.3057005e-06 -4.8402877e-05
23 -19 9.6695894e-06 -2.8460152e-05
23 20 2.3372449e-05 6.9931498e-06
23 -20 -1.0114299e-05 -4.2386844e-06
23 21 -8.7639368e-06 1.1766908e-07
23 -21 2.9266611e-05 -3.7559227e-06
23 22 2.2648545e-05 3.6403783e-06
23 -22 8.8912019e-06 2.5006479e-05
23 23 1.7505571e-05 -1.3364827e-05
23 -23 1.228496e-05 2.0330738e-05
24 0 -0.00021795048 2.4908001e-05
24 1 6.9310087e-05 -0.00010278009
24 -1 0.00019803981 -0.00016080334
24 2 -9.5811026e-05 9.6442633e-05
24 -2 -6.7484005e-05 -0.0001296688
24 3 3.852796e-05 -0.00019099581
24 -3 1.1587364e-05 -3.543374e-05
24 4 -0.00010639256 7.0469272e-05
24 -4 -4.455672e-06 -8.7784969e-07
24 5 -6.3286076e-05 2.9553049e-05
24 -5 -3.8620993e-05 6.1431006e-05
24 6 -6.3015409e-05 2.3957747e-05
24 -6 -8.822634e-06 -5.0253504e-06
24 7 4.2773016e-05 -2.0891065e-05
24 -7 -3.8807779e-05 7.5443143e-05
24 8 4.7131834e-06 2.5995545e-05
24 -8 1.0602213e-05 8.3936043e-06
24 9 7.7693108e-06 1.4173318e-05
24 -9 -3.6117495e-06 -7.9035009e-06
24 10 -4.3058313e-05 -2.5915323e-05
24 -10 -4.4228426e-05 2.8142302e-06
24 11 -1.3375292e-05 1.2594174e-05
24 -11 -3.9703155e-06 4.5506911e-05
24 12 -2.4419023e-07 1.6240672e-05
24 -12 -9.3023806e-06 4.7120134e-05
24 13 1.663529e-05 1.3338688e-05
24 -13 -4.5363374e-05 1.335236e-05
24 14 -2.6068246e-05 -3.3039829e-07
24 -14 -1.1427747e-05 4.5725013e-05
24 15 -5.471516e-06 -1.2065917e-06
24 -15 -1.5429315e-05 -1.8861504e-05
24 16 1.7176228e-06 1.1814566e-05
24 -16 -1.1878939e-05 3.5940978e-05
24 17 9.6773328e-06 1.4415993e-06
24 -17 1.3228621e-05 1.1752972e-05
24 18 1.4605759e-05 -1.1177999e-06
24 -18 -2.4134566e-06 -2.1560389e-07
24 19 -4.3880258e-07 -6.6465403e-06
24 -19 -9.6555041e-06 -2.7273288e-07
24 20 -1.4982355e-05 -2.9820689e-06
24 -20 -1.1173748e-05 2.437272e-05
24 21 -9.2264844e-06 -1.1020367e-05
24 -21 -9.308574e-06 -7.7124923e-06
24 22 -3.0798511e-06 -8.4739518e-06
24 -22 8.4081344e-06 1.4033395e-05
24 23 3.2894786e-06 -7.1211785e-07
24 -23 -1.9222936e-05 6.9498614e-06
24 24 -1.1113605e-05 -7.38266e-06
24 -24 6.363543e-06 1.4517429e-05
25 0 -0.00013922216 5.6969335e-05
25 1 -5.3637332e-05 -0.00016610965
25 -1 9.3341449e-05 -2.1887096e-05
25 2 2.2086253e-05 4.6537215e-05
25 -2 -4.9486208e-05 -3.3800523e-06
25 3 2.0077718e-05 -0.00012936492
25 -3 -8.2156196e-05 9.4040305e-05
25 4 -3.1560341e-05 -8.5982004e-06
25 -4 2.4517522e-05 -3.8546557e-05
25 5 -4.8486578e-05 -4.9166612e-05
25 -5 -6.5039749e-05 2.1268366e-05
25 6 -6.6937355e-05 4.1569424e-05
25 -6 -1.5216628e-05 1.0086092e-05
25 7 -1.6156962e-05 3.5162611e-05
25 -7 -3.2794645e-05 -4.2901812e-06
25 8 -6.7813719e-06 5.0071337e-05
25 -8 -3.2295169e-05 2.7773585e-05
25 9 2.2301493e-05 1.5130271e-05
25 -9 1.6740784e-05 5.2329979e-05
25 10 8.1409844e-06 8.2624162e-06
25 -10 -1.6552373e-05 -1.8203187e-06
25 11 2.2373619e-06 -6.4391772e-06
25 -11 -2.2177806e-06 -7.5529744e-06
25 12 2.2735561e-05 1.6229259e-05
25 -12 8.0460509e-06 -1.5152936e-05
25 13 9.1990062e-06 -2.8644841e-05
25 -13 -2.2159908e-06 -9.2134322e-06
25 14 -2.4306134e-05 1.6070081e-05
25 -14 3.7048474e-05 2.0165311e-05
25 15 1.0589693e-05 -1.5573081e-05
25 -15 1.148181e-05 -1.2664073e-05
25 16 1.5826157e-05 -1.598732e-05
25 -16 -4.4226538e-06 -5.8434717e-06
25 17 1.7275551e-05 -1.2829285e-05
25 -17 -9.9498682e-06 -9.0342045e-06
25 18 -1.1711945e-05 1.059821e-05
25 -18 1.6736678e-05 -1.6303795e-05
25 19 -1.8528348e-06 8.1251915e-06
25 -19 -5.7481838e-06 1.205637e-05
25 20 -4.7602388e-07 -9.1159627e-06
25 -20 1.6923603e-06 -1.1340822e-05
25 21 -2.3255412e-06 1.6005459e-06
25 -21 2.8601146e-06 6.5854878e-06
25 22 -1.7905205e-05 -8.1490821e-07
25 -22 -1.4020746e-05 5.4292447e-06
25 23 -5.4460994e-06 4.8070002e-06
25 -23 -2.8527736e-07 -9.2697672e-06
25 24 -7.0948956e-06 -2.1311374e-06
25 -24 -8.1628401e-07 6.2775296e-06
25 25 -6.9770147e-06 -3.7168226e-06
25 -25 4.4134403e-06 -5.5107728e-06
26 0 -3.7023434e-05 3.6307437e-05
26 1 2.9114663e-06 -4.4910224e-05
26 -1 5.1088704e-05 -2.1530115e-05
26 2 -2.2302461e-05 5.8388308e-06
26 -2 -8.7300392e-06 -7.1723261e-05
26 3 2.8859878e-06 -8.5726048e-05
26 -3 -3.3741445e-05 -6.105163e-06
26 4 3.0241421e-05 -1.6126888e-05
26 -4 2.1412104e-05 -1.66004e-05
26 5 -2.9868309e-05 4.6765465e-06
26 -5 1.9343425e-05 1.5793007e-05
26 6 -4.1650016e-05 2.0462932e-05
26 -6 1.088207e-05 7.5158702e-06
26 7 1.6709239e-05 -1.9916036e-05
26 -7 -3.726917e-05 2.8441178e-06
26 8 3.4024075e-05 -7.1184356e-06
26 -8 8.0879905e-06 1.499138e-05
26 9 8.300078e-06 -1.0812644e-05
26 -9 -6.0927376e-06 7.0596082e-06
26 10 1.7226895e-05 1.7862443e-05
26 -10 -9.2444888e-07 -2.5492155e-05
26 11 -1.8489245e-05 -2.2089922e-05
26 -11 1.6817478e-05 -2.5728129e-06
26 12 -3.0169943e-06 1.3385054e-06
26 -12 -6.6140551e-06 1.76361e-05
26 13 -1.4590039e-06 -2.3874392e-05
26 -13 1.0440385e-05 2.6232775e-08
26 14 1.0136366e-05 1.4942563e-06
26 -14 1.8809781e-05 -2.5624264e-05
26 15 1.2487962e-05 9.0434695e-07
26 -15 -4.6378809e-06 -3.5046474e-06
26 16 -8.0329865e-07 -6.2625255e-06
26 -16 8.8622439e-06 -9.1655389e-07
26 17 -9.6008472e-06 -6.9637822e-06
26 -17 3.2578197e-06 8.0799777e-07
26 18 -8.0041009e-06 -1.2284137e-06
26 -18 1.0121808e-05 8.7337173e-06
26 19 1.3415317e-07 -5.8827493e-07
26 -19 -7.5861897e-06 -4.6270955e-07
26 20 4.3594189e-06 3.3696914e-06
26 -20 1.8475814e-06 -8.9134893e-06
26 21 -6.8269411e-06 1.9973684e-06
26 -21 7.847984e-07 -8.2682356e-06
26 22 7.1146924e-07 8.4418793e-06
26 -22 -1.5433114e-06 -4.779241e-06
26 23 -6.3911903e-06 -1.9563627e-06
26 -23 2.0043291e-06 3.6134091e-06
26 24 1.2480169e-06 -8.1396113e-06
26 -24 3.2450999e-06 1.2072985e-06
26 25 -2.4609824e-06 7.5343793e-07
26 -25 -5.6933497e-06 2.5300208e-06
26 26 2.9124879e-07 -4.5203329e-06
26 -26 -2.4967789e-06 -2.5227121e-06
27 0 -5.3288961e-05 4.1894498e-05
27 1 -1.7815816e-05 -6.3575253e-05
27 -1 6.4072023e-05 -7.3662762e-06
27 2 7.5996058e-06 2.4027749e-05
27 -2 -1.3693396e-05 -8.3738042e-06
27 3 2.1952379e-05 -4.9846553e-05
27 -3 -1.7879933e-05 2.1566082e-05
27 4 5.2202162e-06 -1.2907145e-05
27 -4 2.2207554e-05 -1.7177735e-05
27 5 -4.3714967e-05 -3.1745564e-05
27 -5 -2.1465572e-05 3.9285791e-06
27 6 -1.5615738e-05 1.2287722e-05
27 -6 -1.5118327e-05 2.056673e-05
27 7 -1.1518412e-05 -2.1380881e-06
27 -7 1.8204763e-05 3.3209223e-06
27 8 1.8039076e-05 6.7417537e-06
27 -8 1.4749645e-05 -2.6083625e-06
27 9 -1.0655333e-05 -5.0329689e-06
27 -9 -1.8144938e-05 -9.2391147e-06
27 10 4.6528852e-06 2.1915137e-06
27 -10 -9.0604549e-06 -5.8277999e-06
27 11 -1.577886e-05 -5.1894404e-06
27 -11 -4.7178951e-06 -2.0987606e-07
27 12 4.893337e-06 3.3561194e-06
27 -12 1.560194e-05 -1.8119988e-07
27 13 2.1922179e-06 4.3399243e-06
27 -13 -1.2953427e-06 1.0058984e-05
27 14 7.5539034e-06 -9.5629958e-06
27 -14 -1.7343079e-05 2.244936e-06
27 15 -2.2581603e-05 4.4620182e-06
27 -15 3.9190921e-06 2.6323049e-07
27 16 -9.2490488e-06 -7.6488006e-06
27 -16 1.1454347e-06 6.0587585e-07
27 17 -1.0116821e-05 2.7830964e-06
27 -17 -1.0613861e-05 2.6650544e-06
27 18 2.4610266e-06 -5.3099357e-06
27 -18 -1.2094966e-05 6.8016735e-07
27 19 -2.3234702e-06 3.4467394e-06
27 -19 -5.4539232e-06 -2.3258359e-06
27 20 -1.8811364e-06 1.9041766e-06
27 -20 2.3399746e-06 4.7986184e-06
27 21 -3.3299134e-06 2.0938554e-06
27 -21 8.0244078e-07 -4.4912299e-06
27 22 -1.760134e-07 -1.3626686e-06
27 -22 -1.3423773e-06 -1.7408718e-06
27 23 1.8663318e-06 -9.7684013e-07
27 -23 6.1808902e-06 3.0575059e-06
27 24 1.0850592e-06 -4.4710307e-06
27 -24 8.8704349e-07 2.6145054e-06
27 25 2.2011372e-07 3.6365931e-07
27 -25 -5.7455401e-06 3.0359848e-07
27 26 -2.3518619e-06 -1.5660812e-06
27 -26 -4.4565117e-06 -2.1073315e-06
27 27 -2.2387877e-07 -1.0641978e-08
27 -27 7.8057809e-07 1.9087587e-07
28 0 -5.7585165e-06 1.3564666e-05
28 1 2.790506e-06 -2.3375908e-05
28 -1 2.6378575e-05 -1.1322012e-05
28 2 -2.8994807e-05 -2.8754897e-06
28 -2 -9.739101e-06 -1.4228746e-05
28 3 1.4801275e-05 -3.9028684e-05
28 -3 -7.8433083e-06 -1.6639854e-05
28 4 -3.6586066e-06 -1.6515778e-05
28 -4 4.8168647e-09 -2.5966214e-06
28 5 -1.7624224e-05 -5.4049258e-06
28 -5 -4.3145789e-06 1.9339222e-05
28 6 -1.5354127e-05 1.3040711e-05
28 -6 -4.8244534e-06 3.0459995e-06
28 7 7.3302362e-07 1.1629742e-05
28 -7 7.9152785e-06 3.6796451e-06
28 8 4.1033902e-06 9.9709757e-06
28 -8 -7.7538637e-06 3.9028669e-06
28 9 -2.3674141e-06 2.5708375e-06
28 -9 -5.9548381e-06 -6.9325648e-07
28 10 2.4196084e-06 1.5798084e-06
28 -10 9.8816684e-07 1.8313188e-06
28 11 -3.0722729e-06 -5.7706561e-06
28 -11 -6.3731495e-07 -1.3998232e-05
28 12 -6.5535184e-07 2.9619203e-06
28 -12 2.3269595e-06 -3.6217247e-06
28 13 -1.4699601e-05 1.3810783e-05
28 -13 1.4243378e-06 3.7081819e-07
28 14 1.3254456e-06 8.9525051e-06
28 -14 -3.9453334e-06 8.4544228e-06
28 15 -8.3292069e-07 -5.6780702e-06
28 -15 7.4562913e-06 3.9866465e-06
28 16 3.8678243e-06 2.2140963e-06
28 -16 7.7692153e-07 -8.252203e-06
28 17 -1.4975732e-06 5.6964343e-06
28 -17 1.3723554e-06 -6.9416386e-06
28 18 3.9136344e-06 -9.0758631e-06
28 -18 -4.8922666e-06 -5.6240011e-06
28 19 -1.3054264e-06 4.4816566e-06
28 -19 2.6310422e-06 -3.2514035e-06
28 20 1.318957e-06 3.5547945e-06
28 -20 8.1829548e-07 6.8540971e-07
28 21 3.2214036e-06 1.5447615e-06
28 -21 3.9366746e-06 2.2125463e-06
28 22 1.7724449e-06 -2.4122636e-06
28 -22 -1.6948249e-07 3.0047376e-06
28 23 1.834217e-06 -1.9947402e-06
28 -23 3.7003626e-06 3.6002891e-06
28 24 -2.2711165e-07 3.6440605e-06
28 -24 6.9239296e-07 4.0958459e-07
28 25 -2.1012657e-06 -7.4123056e-06
28 -25 3.0568758e-06 1.6374312e-06
28 26 -1.7935501e-06 8.0901259e-07
28 -26 2.1790718e-06 7.9802042e-08
28 27 3.6444008e-07 -1.523514e-06
28 -27 -1.0803061e-06 2.6977031e-06
28 28 -2.0588306e-06 2.0786623e-06
28 -28 -4.8834743e-07 -3.7085181e-07
29 0 -2.3510539e-05 2.0880407e-05
29 1 3.852935e-06 -1.2340893e-05
29 -1 2.8121821e-05 -6.7491737e-06
29 2 -1.0502708e-05 7.382483e-06
29 -2 -2.2835465e-06 -1.4976044e-06
29 3 5.0882601e-06 -1.8059786e-05
29 -3 -1.1667295e-05 9.0380333e-06
29 4 -6.2775538e-06 -5.0967125e-06
29 -4 2.5300079e-07 -8.4151846e-06
29 5 -8.0145203e-06 -1.0359034e-05
29 -5 -7.7456594e-06 -1.3257004e-05
29 6 -1.2997595e-06 8.9467245e-06
29 -6 6.1929605e-06 4.804093e-06
29 7 4.1198482e-06 -1.4677413e-06
29 -7 2.4412534e-06 -5.3193717e-06
29 8 5.1965291e-06 4.3980277e-06
29 -8 -1.0088184e-05 -4.8699691e-08
29 9 6.6692098e-07 -2.5315403e-06
29 -9 -7.7371926e-06 -4.0036583e-06
29 10 -7.4677107e-07 -6.9191775e-06
29 -10 -1.0034229e-05 2.5787541e-06
29 11 5.5586767e-06 5.389202e-06
29 -11 -7.4030774e-07 -7.6641224e-07
29 12 -8.7703584e-07 1.5395921e-06
29 -12 -5.3555332e-06 2.9528192e-06
29 13 1.6299165e-06 3.8360589e-06
29 -13 -2.4828988e-06 -3.2161215e-07
29 14 -1.1551524e-06 6.433684e-06
29 -14 5.6192385e-06 -4.3842094e-07
29 15 6.0573293e-06 -1.4540025e-06
29 -15 -3.2196772e-06 2.2426166e-06
29 16 2.4340872e-06 -1.0005011e-07
29 -16 -1.1806008e-07 -5.2480092e-07
29 17 5.3673283e-06 3.9185039e-08
29 -17 6.0569169e-06 -3.443532e-06
29 18 -4.1072133e-07 -2.0796481e-06
29 -18 3.8160651e-06 1.6788195e-06
29 19 2.947959e-06 -1.8437123e-06
29 -19 7.0034371e-07 1.14954e-06
29 20 -3.3081383e-07 2.0250215e-06
29 -20 -1.2043645e-06 1.3559109e-06
29 21 3.5513087e-07 3.8803655e-07
29 -21 -9.2822398e-07 2.2330627e-06
29 22 -3.8998602e-07 2.5563754e-06
29 -22 2.1035458e-06 2.387307e-06
29 23 1.4095406e-06 7.6305783e-07
29 -23 -2.0954719e-06 -8.4632541e-07
29 24 -4.0760195e-08 2.3104621e-06
29 -24 -2.2701587e-06 -1.0514581e-06
29 25 3.2409147e-06 8.3011384e-07
29 -25 3.3454539e-07 2.9944994e-07
29 26 1.8611605e-06 -2.9200285e-07
29 -26 1.1117649e-07 2.3308346e-06
29 27 -5.439125e-07 -1.3500867e-06
29 -27 -2.8748232e-07 -7.0078506e-07
29 28 1.5097016e-07 1.3134778e-06
29 -28 1.3863281e-07 -8.1065085e-08
29 29 2.7276744e-07 -1.4054822e-06
29 -29 4.6808959e-07 5.8908665e-07
30 0 -7.980261e-06 5.7062109e-06
30 1 6.1337145e-06 -1.041559e-06
30 -1 3.2896691e-06 -3.7578638e-06
30 2 -1.6770168e-05 -3.3420824e-06
30 -2 -5.7840584e-06 -4.695044e-06
30 3 -9.8510901e-07 -4.2938129e-06
30 -3 -1.1664052e-05 4.9627592e-07
30 4 1.4992676e-06 -1.7392018e-06
30 -4 1.4894224e-07 -3.05884e-06
30 5 -7.24052e-07 -1.6531316e-06
30 -5 -3.0488031e-06 2.626603e-06
30 6 -4.7303554e-06 3.5323696e-06
30 -6 -2.0177493e-06 4.9177917e-06
30 7 3.9832226e-06 1.7776306e-06
30 -7 1.3675755e-06 -4.1251174e-06
30 8 -2.2188922e-06 4.7675776e-06
30 -8 -5.0869566e-06 3.5446978e-06
30 9 4.620609e-07 -2.3775504e-06
30 -9 -2.8985529e-06 7.0227206e-07
30 10 2.6021006e-06 1.2879421e-06
30 -10 -5.8889098e-06 3.8201697e-06
30 11 4.2485155e-06 1.2123938e-06
30 -11 2.5523639e-06 -1.5207193e-06
30 12 3.6720562e-07 -1.6755535e-06
30 -12 -3.5045902e-06 -8.9633026e-07
30 13 2.1318744e-06 -3.0590474e-06
30 -13 1.4443191e-06 1.8983333e-06
30 14 7.5066343e-07 -3.4008359e-06
30 -14 1.001586e-06 -2.5301919e-06
30 15 2.5502245e-06 -1.57512e-07
30 -15 -1.9943997e-06 -7.3891857e-07
30 16 -2.1569663e-06 7.4761923e-07
30 -16 -1.5982439e-06 3.8200557e-06
30 17 3.4159747e-06 -3.6670088e-08
30 -17 -8.619381e-07 2.0015212e-06
30 18 -3.324189e-06 2.4701966e-06
30 -18 7.2790092e-07 1.3274141e-07
30 19 2.3891854e-06 -3.1122699e-06
30 -19 -4.289742e-07 1.6909264e-06
30 20 -4.2792416e-07 -1.0985679e-06
30 -20 7.5382312e-07 -3.2144829e-07
30 21 -8.5827278e-07 -1.1178485e-06
30 -21 -6.2597472e-07 1.1256405e-06
30 22 -3.2285122e-07 1.0451903e-06
30 -22 1.16547e-06 -2.3780435e-06
30 23 -7.2838729e-07 3.4505553e-07
30 -23 -2.2892705e-06 -1.9748573e-06
30 24 -6.9386157e-07 -7.099845e-07
30 -24 -7.2369453e-07 -9.8368276e-07
30 25 -8.4861227e-07 6.2232917e-07
30 -25 -1.2865788e-06 7.6083912e-07
30 26 -6.6019971e-07 -7.5710466e-07
30 -26 -1.4249883e-06 -8.1455391e-08
30 27 -1.8073432e-07 -8.5711102e-07
30 -27 -9.4243762e-07 2.7651111e-07
30 28 1.5660027e-06 -1.3707931e-06
30 -28 -6.3433567e-07 -1.2159695e-06
30 29 6.6819831e-07 -8.6196838e-07
30 -29 1.4032984e-07 -7.5788467e-07
30 30 5.2920332e-08 -1.625609e-07
30 -30 6.7771951e-07 6.5508072e-07