# KALMAG                                        
# Phase given with respect to the Greenwich meridian                          
# First data line: N_max T (in hours)                                         
# Subsequent data lines: degree n   order m   a_n^m/b_n^m   c_n^m/d_n^m       
# where m >= 0 correspond to the cosine time dependent terms a_n^m resp c_n^m,
# and m < 0 correspond to the sine time dependent terms b_n^m resp d_n^m.     
   30  25.8193                                                                
    1     0    -0.004103     0.008445
    1     1     0.003956    -0.008159
    1    -1    -0.004435     0.009318
    2     0     0.009485     0.005808
    2     1    -0.014555     0.012187
    2    -1     0.004852     0.011454
    2     2    -0.008895    -0.002187
    2    -2     0.003546    -0.014504
    3     0    -0.001879    -0.003000
    3     1    -0.009714    -0.015791
    3    -1    -0.027994     0.005324
    3     2     0.000731     0.000696
    3    -2     0.015424     0.005344
    3     3    -0.001512     0.009488
    3    -3     0.005676     0.001184
    4     0    -0.010662    -0.012577
    4     1     0.016990     0.007973
    4    -1     0.020034    -0.006519
    4     2    -0.000684     0.006417
    4    -2     0.012141    -0.006046
    4     3     0.010508    -0.015691
    4    -3    -0.000365     0.016929
    4     4     0.011022     0.009837
    4    -4     0.008401     0.008442
    5     0    -0.005831    -0.009861
    5     1    -0.002231     0.003767
    5    -1     0.002765    -0.010100
    5     2    -0.006555    -0.002891
    5    -2    -0.010841     0.014045
    5     3     0.001166    -0.000806
    5    -3    -0.008771    -0.007242
    5     4    -0.005977     0.007572
    5    -4     0.010931    -0.003729
    5     5     0.008750     0.002176
    5    -5     0.003881     0.003386
    6     0     0.004254     0.005535
    6     1     0.010597     0.004457
    6    -1    -0.002486     0.009889
    6     2     0.001021     0.005176
    6    -2     0.004454     0.004198
    6     3    -0.003156     0.005911
    6    -3    -0.000895    -0.001041
    6     4    -0.005336     0.002658
    6    -4     0.004695     0.000303
    6     5    -0.000344    -0.000656
    6    -5     0.001130    -0.002035
    6     6     0.001054     0.000832
    6    -6    -0.000976     0.005617
    7     0    -0.001917    -0.000763
    7     1    -0.002291     0.007876
    7    -1     0.005180     0.004198
    7     2    -0.012300    -0.004638
    7    -2    -0.001957     0.000119
    7     3     0.000033     0.006966
    7    -3     0.008152    -0.006212
    7     4     0.003705    -0.003101
    7    -4     0.002269    -0.003579
    7     5     0.000610     0.000848
    7    -5    -0.003275     0.002875
    7     6    -0.001918     0.001365
    7    -6    -0.000206     0.004840
    7     7     0.000971    -0.000819
    7    -7    -0.000991    -0.004923
    8     0    -0.000703     0.004085
    8     1    -0.002287    -0.009414
    8    -1    -0.009013    -0.000387
    8     2    -0.005315     0.001446
    8    -2     0.006774     0.004714
    8     3     0.007710    -0.002147
    8    -3     0.006535    -0.002051
    8     4    -0.000167     0.000422
    8    -4    -0.002446     0.003944
    8     5    -0.000627     0.001444
    8    -5    -0.001003     0.000912
    8     6    -0.005533    -0.002482
    8    -6     0.004060     0.000516
    8     7    -0.001403     0.000558
    8    -7    -0.004546     0.002705
    8     8    -0.006915     0.001974
    8    -8     0.001509    -0.000996
    9     0     0.002378     0.005126
    9     1    -0.003572     0.007274
    9    -1     0.013388     0.000261
    9     2    -0.007203    -0.000344
    9    -2     0.001587    -0.004507
    9     3    -0.002767     0.004293
    9    -3    -0.001463    -0.002824
    9     4    -0.000205     0.002583
    9    -4     0.005645    -0.001865
    9     5     0.002689    -0.000513
    9    -5    -0.001366    -0.002844
    9     6     0.002612    -0.001196
    9    -6     0.000294     0.001137
    9     7    -0.005097     0.000204
    9    -7     0.000995     0.001613
    9     8    -0.000186     0.000657
    9    -8    -0.000919    -0.002734
    9     9    -0.003485     0.001154
    9    -9     0.000096     0.000107
   10     0    -0.005083     0.001452
   10     1    -0.007745    -0.003968
   10    -1     0.000348    -0.003301
   10     2    -0.004261     0.005170
   10    -2     0.001594     0.003807
   10     3     0.003635     0.005153
   10    -3    -0.000357     0.002068
   10     4     0.007205    -0.000569
   10    -4    -0.001677     0.000404
   10     5     0.000252    -0.001364
   10    -5    -0.003740     0.003478
   10     6    -0.000536     0.000550
   10    -6     0.000068    -0.000913
   10     7    -0.001468    -0.001093
   10    -7     0.001191    -0.004446
   10     8    -0.002265    -0.004165
   10    -8     0.000920     0.001344
   10     9    -0.001483     0.001542
   10    -9    -0.001346    -0.000069
   10    10    -0.002294     0.000454
   10   -10    -0.004040     0.000107
   11     0     0.000105     0.003592
   11     1     0.000146     0.002572
   11    -1     0.003683    -0.000360
   11     2    -0.001315    -0.001126
   11    -2     0.002409    -0.003092
   11     3     0.003156    -0.000365
   11    -3    -0.000911     0.000176
   11     4    -0.000641    -0.003123
   11    -4    -0.000018    -0.000936
   11     5    -0.001621     0.001890
   11    -5     0.000980    -0.001958
   11     6    -0.000308    -0.000217
   11    -6    -0.000805    -0.002183
   11     7     0.002237    -0.000829
   11    -7     0.000826     0.000314
   11     8     0.000925     0.000216
   11    -8     0.000782     0.000003
   11     9    -0.000787    -0.003075
   11    -9    -0.000517    -0.001602
   11    10     0.000533     0.001914
   11   -10     0.000794     0.000180
   11    11    -0.002303    -0.002184
   11   -11     0.000607     0.001853
   12     0     0.000472     0.001468
   12     1    -0.004893    -0.002069
   12    -1     0.001061    -0.001972
   12     2    -0.001331     0.001036
   12    -2     0.004552     0.001899
   12     3     0.002415     0.004950
   12    -3     0.001175    -0.000319
   12     4     0.000743     0.000944
   12    -4    -0.002300    -0.002786
   12     5    -0.002563     0.000831
   12    -5     0.001235    -0.002428
   12     6    -0.001183     0.001107
   12    -6    -0.001417     0.002133
   12     7    -0.000222     0.001528
   12    -7    -0.000093    -0.000693
   12     8     0.000798    -0.000462
   12    -8     0.000154    -0.000807
   12     9     0.000850     0.000219
   12    -9     0.000289    -0.001343
   12    10    -0.000557     0.001690
   12   -10    -0.000693     0.000741
   12    11    -0.001323    -0.000724
   12   -11    -0.001113    -0.000032
   12    12    -0.000059     0.001226
   12   -12     0.000554    -0.000633
   13     0    -0.004082     0.004770
   13     1    -0.001081    -0.002655
   13    -1     0.001788     0.000673
   13     2    -0.000374     0.001093
   13    -2     0.002272    -0.003580
   13     3     0.000270    -0.000792
   13    -3    -0.002878    -0.000982
   13     4     0.000478    -0.001953
   13    -4    -0.000240    -0.001862
   13     5     0.001031     0.001042
   13    -5     0.001731     0.001361
   13     6    -0.000276     0.000508
   13    -6     0.001078     0.000251
   13     7     0.000276    -0.000145
   13    -7     0.001574    -0.001017
   13     8     0.000144    -0.000314
   13    -8     0.000104    -0.000076
   13     9     0.000104     0.001565
   13    -9    -0.000328     0.000927
   13    10     0.000561    -0.000370
   13   -10    -0.000407    -0.000745
   13    11    -0.000837     0.000370
   13   -11     0.000302    -0.000559
   13    12    -0.000045     0.000264
   13   -12    -0.001558    -0.001552
   13    13     0.000555     0.000647
   13   -13    -0.000247    -0.000081
   14     0    -0.001029     0.000263
   14     1    -0.002169    -0.001050
   14    -1    -0.001300     0.000261
   14     2     0.001656     0.000218
   14    -2     0.004873    -0.001996
   14     3     0.002694    -0.001058
   14    -3    -0.001933    -0.001311
   14     4     0.000516     0.001200
   14    -4    -0.001514    -0.000378
   14     5     0.000501    -0.001107
   14    -5     0.000113    -0.000666
   14     6     0.001044    -0.001439
   14    -6     0.000748     0.000490
   14     7    -0.001961     0.000099
   14    -7     0.000735     0.000730
   14     8    -0.000004    -0.000533
   14    -8     0.000112    -0.000183
   14     9    -0.001489     0.000358
   14    -9    -0.000390     0.000915
   14    10     0.000181    -0.001274
   14   -10    -0.000405    -0.001175
   14    11     0.001209     0.001085
   14   -11    -0.000028     0.001092
   14    12    -0.000335     0.000069
   14   -12    -0.000422     0.000957
   14    13    -0.000449    -0.000160
   14   -13     0.000886     0.000134
   14    14     0.000264    -0.000889
   14   -14     0.000468    -0.000354
   15     0    -0.002854     0.002091
   15     1    -0.000446    -0.001351
   15    -1     0.001410     0.000139
   15     2     0.001076    -0.000662
   15    -2     0.002113    -0.002541
   15     3    -0.000183     0.000371
   15    -3    -0.002226    -0.000517
   15     4    -0.000160     0.000221
   15    -4    -0.000535     0.000095
   15     5     0.001488     0.000228
   15    -5    -0.000742    -0.000022
   15     6    -0.000369     0.001731
   15    -6    -0.000417     0.000159
   15     7    -0.000522     0.000368
   15    -7    -0.001061     0.000526
   15     8    -0.000840    -0.000254
   15    -8    -0.000016    -0.000026
   15     9     0.000061     0.000368
   15    -9     0.000547     0.000060
   15    10    -0.000153     0.000481
   15   -10    -0.000411     0.000909
   15    11     0.000018    -0.000494
   15   -11    -0.000479    -0.000288
   15    12     0.000301     0.000110
   15   -12    -0.000113     0.000366
   15    13    -0.000073    -0.000066
   15   -13     0.000229     0.000351
   15    14     0.000381     0.000507
   15   -14    -0.000832     0.000300
   15    15    -0.000286    -0.000104
   15   -15    -0.000085    -0.000047
   16     0    -0.002541     0.000847
   16     1    -0.002015     0.000171
   16    -1    -0.000058     0.001163
   16     2    -0.000035     0.001322
   16    -2     0.002877    -0.002036
   16     3    -0.000123    -0.000715
   16    -3    -0.001848     0.000031
   16     4    -0.000323    -0.000048
   16    -4    -0.000771     0.000075
   16     5    -0.000297    -0.000278
   16    -5    -0.000359    -0.000567
   16     6     0.000128     0.000110
   16    -6     0.000432    -0.000746
   16     7     0.000624     0.000417
   16    -7    -0.000529     0.000155
   16     8    -0.000377     0.000294
   16    -8    -0.000129     0.000213
   16     9     0.000339    -0.000270
   16    -9     0.000213    -0.000062
   16    10     0.000063     0.000370
   16   -10    -0.000114    -0.000042
   16    11     0.000037    -0.000412
   16   -11     0.000231    -0.000089
   16    12     0.000137    -0.000222
   16   -12     0.000297    -0.000379
   16    13     0.000379    -0.000003
   16   -13    -0.000291     0.000352
   16    14    -0.000330    -0.000021
   16   -14     0.000100    -0.000523
   16    15     0.000392    -0.000267
   16   -15    -0.000116     0.000561
   16    16    -0.000175     0.000280
   16   -16    -0.000176     0.000098
   17     0    -0.002626     0.000634
   17     1    -0.001302    -0.000315
   17    -1     0.000512     0.000770
   17     2     0.001170     0.000813
   17    -2     0.001240    -0.001214
   17     3    -0.000275     0.000203
   17    -3    -0.000825    -0.000109
   17     4    -0.000205     0.000960
   17    -4    -0.000832    -0.000075
   17     5     0.000756     0.000076
   17    -5    -0.000041    -0.000603
   17     6    -0.000102     0.000292
   17    -6    -0.000259     0.000139
   17     7    -0.000197     0.000216
   17    -7    -0.000391    -0.000261
   17     8    -0.000258     0.000227
   17    -8     0.000072    -0.000423
   17     9    -0.000106     0.000040
   17    -9    -0.000077    -0.000070
   17    10     0.000046    -0.000160
   17   -10     0.000342    -0.000485
   17    11     0.000185     0.000347
   17   -11     0.000287     0.000355
   17    12    -0.000286    -0.000021
   17   -12     0.000115    -0.000093
   17    13     0.000140     0.000001
   17   -13     0.000086    -0.000248
   17    14    -0.000267    -0.000070
   17   -14    -0.000051     0.000254
   17    15     0.000328    -0.000026
   17   -15     0.000165    -0.000108
   17    16    -0.000051    -0.000023
   17   -16     0.000094    -0.000121
   17    17    -0.000034    -0.000309
   17   -17     0.000106    -0.000008
   18     0    -0.001635    -0.000444
   18     1    -0.000986     0.000165
   18    -1     0.000178     0.000291
   18     2     0.000788     0.000176
   18    -2     0.001413    -0.000825
   18     3    -0.001105    -0.000964
   18    -3     0.000260    -0.000289
   18     4    -0.000254    -0.000157
   18    -4     0.000563     0.000089
   18     5     0.000764    -0.000703
   18    -5    -0.000172    -0.000109
   18     6    -0.000092     0.000119
   18    -6    -0.000029    -0.000245
   18     7    -0.000331    -0.000152
   18    -7    -0.000151    -0.000075
   18     8    -0.000001    -0.000229
   18    -8     0.000001    -0.000232
   18     9    -0.000060    -0.000074
   18    -9    -0.000132     0.000548
   18    10     0.000049     0.000140
   18   -10     0.000082    -0.000089
   18    11    -0.000210    -0.000033
   18   -11    -0.000400    -0.000286
   18    12     0.000007    -0.000064
   18   -12     0.000012     0.000128
   18    13     0.000016     0.000033
   18   -13     0.000022     0.000009
   18    14    -0.000095    -0.000034
   18   -14     0.000034     0.000169
   18    15    -0.000050    -0.000047
   18   -15    -0.000011    -0.000084
   18    16    -0.000033    -0.000006
   18   -16    -0.000066    -0.000189
   18    17    -0.000104     0.000051
   18   -17     0.000028    -0.000089
   18    18    -0.000038     0.000162
   18   -18    -0.000103    -0.000142
   19     0    -0.001163    -0.000456
   19     1    -0.000532     0.000265
   19    -1     0.000581     0.000006
   19     2     0.000783     0.000093
   19    -2     0.000362    -0.000245
   19     3    -0.000362     0.000718
   19    -3    -0.000030    -0.000324
   19     4     0.000151    -0.000335
   19    -4    -0.000484    -0.000080
   19     5     0.000370    -0.000028
   19    -5    -0.000334    -0.000372
   19     6    -0.000142    -0.000013
   19    -6    -0.000181    -0.000161
   19     7    -0.000039     0.000049
   19    -7     0.000047     0.000009
   19     8    -0.000180     0.000149
   19    -8    -0.000059     0.000022
   19     9    -0.000137    -0.000087
   19    -9     0.000259    -0.000049
   19    10     0.000011    -0.000004
   19   -10     0.000033     0.000142
   19    11    -0.000149     0.000119
   19   -11    -0.000113    -0.000069
   19    12     0.000080    -0.000112
   19   -12     0.000017     0.000028
   19    13    -0.000018     0.000082
   19   -13    -0.000019     0.000096
   19    14     0.000034     0.000040
   19   -14     0.000063    -0.000102
   19    15     0.000027    -0.000027
   19   -15     0.000103    -0.000028
   19    16    -0.000052    -0.000099
   19   -16    -0.000121    -0.000086
   19    17    -0.000033     0.000112
   19   -17     0.000104     0.000094
   19    18    -0.000022     0.000057
   19   -18    -0.000087    -0.000163
   19    19    -0.000073     0.000002
   19   -19    -0.000051     0.000025
   20     0    -0.000842    -0.000009
   20     1    -0.000607     0.000186
   20    -1    -0.000101     0.000108
   20     2     0.000246     0.000119
   20    -2     0.000442    -0.000386
   20     3    -0.000260    -0.000480
   20    -3     0.000193    -0.000269
   20     4    -0.000475    -0.000248
   20    -4     0.000259     0.000089
   20     5     0.000163     0.000033
   20    -5    -0.000217     0.000136
   20     6    -0.000192     0.000124
   20    -6    -0.000032     0.000226
   20     7    -0.000088     0.000062
   20    -7    -0.000181    -0.000109
   20     8    -0.000172    -0.000055
   20    -8     0.000005     0.000012
   20     9    -0.000029    -0.000081
   20    -9     0.000011    -0.000217
   20    10    -0.000074    -0.000060
   20   -10    -0.000039     0.000040
   20    11     0.000090    -0.000011
   20   -11     0.000180     0.000006
   20    12    -0.000073    -0.000054
   20   -12    -0.000043     0.000021
   20    13    -0.000051     0.000001
   20   -13    -0.000030    -0.000077
   20    14    -0.000009    -0.000004
   20   -14    -0.000114    -0.000082
   20    15    -0.000009    -0.000107
   20   -15    -0.000067    -0.000049
   20    16    -0.000020     0.000016
   20   -16     0.000043    -0.000035
   20    17     0.000078    -0.000007
   20   -17    -0.000062     0.000026
   20    18    -0.000037    -0.000085
   20   -18    -0.000008     0.000098
   20    19    -0.000061    -0.000014
   20   -19     0.000012     0.000045
   20    20     0.000016    -0.000033
   20   -20    -0.000028     0.000069
   21     0    -0.000568    -0.000167
   21     1    -0.000473     0.000378
   21    -1     0.000232     0.000131
   21     2     0.000361     0.000102
   21    -2     0.000362    -0.000117
   21     3    -0.000149     0.000276
   21    -3     0.000143    -0.000099
   21     4    -0.000100     0.000107
   21    -4     0.000068    -0.000021
   21     5    -0.000060     0.000052
   21    -5    -0.000033     0.000075
   21     6    -0.000110     0.000000
   21    -6     0.000011    -0.000094
   21     7     0.000106    -0.000084
   21    -7    -0.000038    -0.000062
   21     8    -0.000165     0.000057
   21    -8    -0.000120    -0.000028
   21     9     0.000000     0.000054
   21    -9    -0.000117     0.000038
   21    10    -0.000015    -0.000094
   21   -10    -0.000024     0.000044
   21    11     0.000060     0.000020
   21   -11     0.000034     0.000043
   21    12     0.000005     0.000062
   21   -12    -0.000006     0.000014
   21    13    -0.000017     0.000016
   21   -13     0.000047     0.000005
   21    14     0.000073    -0.000006
   21   -14    -0.000032     0.000038
   21    15    -0.000026     0.000032
   21   -15    -0.000053    -0.000034
   21    16    -0.000009     0.000033
   21   -16     0.000050     0.000041
   21    17     0.000060    -0.000024
   21   -17     0.000015     0.000009
   21    18    -0.000003    -0.000046
   21   -18     0.000045     0.000052
   21    19    -0.000016    -0.000004
   21   -19    -0.000011     0.000004
   21    20    -0.000041    -0.000057
   21   -20    -0.000023     0.000001
   21    21     0.000003     0.000027
   21   -21     0.000000     0.000005
   22     0    -0.000456    -0.000190
   22     1    -0.000168     0.000146
   22    -1    -0.000171    -0.000005
   22     2     0.000238    -0.000149
   22    -2     0.000019     0.000075
   22     3    -0.000236    -0.000122
   22    -3     0.000208    -0.000182
   22     4    -0.000122     0.000045
   22    -4    -0.000018     0.000093
   22     5     0.000104    -0.000126
   22    -5     0.000012    -0.000001
   22     6     0.000130    -0.000055
   22    -6     0.000000    -0.000044
   22     7    -0.000024    -0.000120
   22    -7    -0.000003    -0.000128
   22     8    -0.000108     0.000013
   22    -8    -0.000049    -0.000059
   22     9     0.000040    -0.000011
   22    -9    -0.000047     0.000042
   22    10     0.000019    -0.000025
   22   -10     0.000018     0.000029
   22    11    -0.000058    -0.000033
   22   -11     0.000017    -0.000008
   22    12    -0.000011     0.000008
   22   -12     0.000060    -0.000014
   22    13    -0.000005     0.000002
   22   -13    -0.000008     0.000020
   22    14     0.000020     0.000019
   22   -14     0.000051     0.000023
   22    15    -0.000000    -0.000006
   22   -15     0.000052     0.000043
   22    16     0.000023     0.000019
   22   -16     0.000027     0.000016
   22    17    -0.000041     0.000026
   22   -17     0.000012    -0.000003
   22    18    -0.000004     0.000031
   22   -18    -0.000037     0.000015
   22    19    -0.000009     0.000015
   22   -19    -0.000003    -0.000041
   22    20    -0.000039     0.000021
   22   -20    -0.000010     0.000008
   22    21    -0.000003     0.000026
   22   -21    -0.000001     0.000007
   22    22    -0.000017    -0.000023
   22   -22     0.000001    -0.000008
   23     0    -0.000039    -0.000135
   23     1    -0.000089     0.000252
   23    -1    -0.000008     0.000068
   23     2     0.000142    -0.000008
   23    -2     0.000075     0.000024
   23     3    -0.000147     0.000155
   23    -3     0.000099    -0.000046
   23     4     0.000097    -0.000072
   23    -4    -0.000065     0.000043
   23     5    -0.000058    -0.000007
   23    -5    -0.000012    -0.000032
   23     6     0.000010     0.000003
   23    -6    -0.000059     0.000042
   23     7    -0.000079    -0.000022
   23    -7     0.000004    -0.000078
   23     8    -0.000006     0.000011
   23    -8     0.000064    -0.000049
   23     9     0.000018     0.000002
   23    -9    -0.000031    -0.000030
   23    10    -0.000019    -0.000003
   23   -10     0.000042     0.000036
   23    11    -0.000004     0.000029
   23   -11     0.000003     0.000005
   23    12    -0.000026    -0.000004
   23   -12    -0.000028    -0.000045
   23    13    -0.000020    -0.000012
   23   -13    -0.000029    -0.000029
   23    14    -0.000013     0.000048
   23   -14    -0.000015    -0.000004
   23    15    -0.000003     0.000004
   23   -15     0.000012     0.000024
   23    16     0.000000    -0.000003
   23   -16     0.000003    -0.000003
   23    17    -0.000042     0.000014
   23   -17     0.000003    -0.000016
   23    18    -0.000007    -0.000011
   23   -18    -0.000011    -0.000004
   23    19     0.000014     0.000005
   23   -19    -0.000006     0.000014
   23    20     0.000017     0.000011
   23   -20    -0.000015    -0.000016
   23    21    -0.000014    -0.000001
   23   -21    -0.000027     0.000007
   23    22    -0.000007    -0.000001
   23   -22     0.000019     0.000004
   23    23    -0.000005     0.000009
   23   -23    -0.000002     0.000008
   24     0    -0.000050    -0.000121
   24     1    -0.000163     0.000051
   24    -1    -0.000097     0.000067
   24     2     0.000066    -0.000061
   24    -2    -0.000042    -0.000003
   24     3    -0.000069     0.000036
   24    -3     0.000058    -0.000050
   24     4    -0.000066     0.000020
   24    -4    -0.000030     0.000017
   24     5    -0.000047     0.000021
   24    -5    -0.000013     0.000026
   24     6    -0.000029    -0.000036
   24    -6     0.000034     0.000027
   24     7     0.000034     0.000005
   24    -7     0.000008    -0.000025
   24     8     0.000005     0.000005
   24    -8     0.000030    -0.000005
   24     9     0.000016     0.000001
   24    -9     0.000011    -0.000002
   24    10    -0.000026    -0.000008
   24   -10    -0.000025     0.000035
   24    11     0.000008     0.000005
   24   -11     0.000024     0.000017
   24    12     0.000036    -0.000027
   24   -12    -0.000011     0.000010
   24    13     0.000019    -0.000005
   24   -13     0.000007     0.000006
   24    14    -0.000010    -0.000018
   24   -14    -0.000024    -0.000005
   24    15    -0.000004     0.000006
   24   -15    -0.000014    -0.000017
   24    16     0.000015    -0.000008
   24   -16    -0.000019    -0.000007
   24    17     0.000008    -0.000001
   24   -17     0.000007     0.000017
   24    18     0.000008    -0.000013
   24   -18     0.000010     0.000014
   24    19     0.000007    -0.000003
   24   -19    -0.000006     0.000004
   24    20    -0.000005    -0.000006
   24   -20    -0.000001     0.000004
   24    21     0.000009     0.000001
   24   -21    -0.000011     0.000002
   24    22    -0.000001     0.000010
   24   -22    -0.000003     0.000012
   24    23     0.000010     0.000006
   24   -23    -0.000013    -0.000008
   24    24     0.000006     0.000001
   24   -24    -0.000002     0.000001
   25     0     0.000005    -0.000046
   25     1    -0.000019     0.000045
   25    -1    -0.000018     0.000012
   25     2     0.000029     0.000017
   25    -2     0.000035    -0.000018
   25     3     0.000022     0.000046
   25    -3     0.000045    -0.000044
   25     4     0.000006    -0.000014
   25    -4    -0.000032     0.000003
   25     5    -0.000022    -0.000003
   25    -5     0.000021     0.000039
   25     6     0.000037    -0.000001
   25    -6     0.000017     0.000035
   25     7     0.000026     0.000015
   25    -7     0.000016    -0.000003
   25     8     0.000010    -0.000003
   25    -8     0.000018    -0.000042
   25     9    -0.000014    -0.000007
   25    -9    -0.000028    -0.000012
   25    10    -0.000023    -0.000007
   25   -10    -0.000016    -0.000018
   25    11     0.000017     0.000005
   25   -11    -0.000011     0.000000
   25    12     0.000009    -0.000001
   25   -12    -0.000000     0.000013
   25    13    -0.000014     0.000024
   25   -13     0.000009     0.000021
   25    14    -0.000001    -0.000019
   25   -14    -0.000005    -0.000004
   25    15     0.000004    -0.000001
   25   -15     0.000007    -0.000017
   25    16    -0.000004    -0.000000
   25   -16    -0.000014     0.000003
   25    17    -0.000000    -0.000002
   25   -17     0.000002     0.000008
   25    18     0.000012     0.000003
   25   -18     0.000002     0.000007
   25    19     0.000004     0.000005
   25   -19     0.000002    -0.000010
   25    20    -0.000004    -0.000002
   25   -20     0.000019     0.000006
   25    21     0.000007     0.000002
   25   -21     0.000000     0.000001
   25    22     0.000004     0.000003
   25   -22    -0.000007     0.000000
   25    23    -0.000000     0.000006
   25   -23    -0.000004    -0.000003
   25    24     0.000003    -0.000008
   25   -24    -0.000008    -0.000002
   25    25     0.000003     0.000003
   25   -25     0.000000    -0.000003
   26     0     0.000011    -0.000064
   26     1    -0.000045     0.000047
   26    -1    -0.000033     0.000005
   26     2     0.000005    -0.000031
   26    -2    -0.000045    -0.000009
   26     3    -0.000027    -0.000008
   26    -3     0.000039    -0.000004
   26     4    -0.000013     0.000008
   26    -4    -0.000013     0.000004
   26     5    -0.000023     0.000006
   26    -5     0.000010     0.000018
   26     6    -0.000001    -0.000001
   26    -6    -0.000006     0.000018
   26     7     0.000003     0.000001
   26    -7    -0.000009    -0.000003
   26     8    -0.000000    -0.000011
   26    -8    -0.000020    -0.000006
   26     9    -0.000003     0.000008
   26    -9    -0.000017    -0.000004
   26    10     0.000003    -0.000006
   26   -10     0.000004    -0.000011
   26    11    -0.000014    -0.000006
   26   -11    -0.000000     0.000002
   26    12    -0.000000     0.000013
   26   -12     0.000006    -0.000001
   26    13     0.000005     0.000007
   26   -13    -0.000007     0.000004
   26    14     0.000017     0.000007
   26   -14     0.000011     0.000006
   26    15     0.000012     0.000007
   26   -15     0.000005     0.000019
   26    16    -0.000005     0.000007
   26   -16    -0.000000     0.000015
   26    17    -0.000005    -0.000002
   26   -17    -0.000003    -0.000002
   26    18     0.000004     0.000004
   26   -18     0.000004    -0.000007
   26    19    -0.000004     0.000005
   26   -19    -0.000000    -0.000001
   26    20     0.000009     0.000002
   26   -20     0.000004    -0.000000
   26    21     0.000004    -0.000004
   26   -21     0.000005    -0.000002
   26    22     0.000006    -0.000002
   26   -22     0.000003    -0.000005
   26    23    -0.000004    -0.000001
   26   -23     0.000001     0.000004
   26    24    -0.000001     0.000001
   26   -24     0.000001    -0.000001
   26    25     0.000006    -0.000007
   26   -25    -0.000004    -0.000001
   26    26     0.000000    -0.000000
   26   -26     0.000001    -0.000000
   27     0     0.000018    -0.000005
   27     1    -0.000013     0.000025
   27    -1    -0.000018     0.000006
   27     2     0.000009    -0.000005
   27    -2    -0.000007    -0.000004
   27     3    -0.000006     0.000019
   27    -3     0.000020    -0.000001
   27     4     0.000022    -0.000010
   27    -4    -0.000010    -0.000002
   27     5    -0.000017     0.000009
   27    -5    -0.000012     0.000017
   27     6     0.000011     0.000006
   27    -6     0.000005     0.000007
   27     7     0.000002    -0.000006
   27    -7     0.000004     0.000006
   27     8    -0.000007    -0.000011
   27    -8    -0.000001    -0.000001
   27     9     0.000004     0.000004
   27    -9     0.000001    -0.000003
   27    10    -0.000007     0.000006
   27   -10    -0.000008    -0.000008
   27    11    -0.000012    -0.000007
   27   -11     0.000005    -0.000011
   27    12    -0.000004    -0.000006
   27   -12     0.000005    -0.000003
   27    13     0.000010    -0.000007
   27   -13    -0.000004    -0.000005
   27    14    -0.000007     0.000008
   27   -14    -0.000000    -0.000006
   27    15     0.000003    -0.000005
   27   -15     0.000008     0.000005
   27    16     0.000000     0.000000
   27   -16     0.000005    -0.000001
   27    17     0.000004    -0.000003
   27   -17    -0.000001    -0.000005
   27    18    -0.000001    -0.000000
   27   -18     0.000001    -0.000004
   27    19    -0.000004    -0.000001
   27   -19     0.000000     0.000003
   27    20     0.000003    -0.000000
   27   -20    -0.000001    -0.000003
   27    21    -0.000003    -0.000001
   27   -21     0.000000     0.000002
   27    22     0.000001    -0.000003
   27   -22    -0.000000     0.000002
   27    23    -0.000002    -0.000000
   27   -23    -0.000002     0.000001
   27    24     0.000002    -0.000001
   27   -24    -0.000003     0.000004
   27    25     0.000001     0.000001
   27   -25     0.000000    -0.000003
   27    26     0.000000    -0.000001
   27   -26    -0.000000    -0.000000
   27    27     0.000000     0.000001
   27   -27     0.000001    -0.000000
   28     0     0.000014    -0.000023
   28     1    -0.000002     0.000017
   28    -1    -0.000021     0.000011
   28     2     0.000001    -0.000003
   28    -2    -0.000023    -0.000014
   28     3    -0.000012     0.000001
   28    -3     0.000014    -0.000001
   28     4     0.000003     0.000003
   28    -4    -0.000008     0.000001
   28     5    -0.000008     0.000007
   28    -5     0.000010     0.000002
   28     6     0.000003    -0.000000
   28    -6     0.000007     0.000009
   28     7    -0.000002     0.000000
   28    -7     0.000003     0.000003
   28     8     0.000005    -0.000001
   28    -8    -0.000000     0.000003
   28     9    -0.000009     0.000004
   28    -9    -0.000006    -0.000005
   28    10    -0.000002     0.000003
   28   -10    -0.000002    -0.000005
   28    11     0.000003     0.000000
   28   -11     0.000003     0.000003
   28    12     0.000002     0.000003
   28   -12     0.000003     0.000004
   28    13    -0.000003    -0.000004
   28   -13    -0.000002    -0.000006
   28    14    -0.000008    -0.000003
   28   -14    -0.000004    -0.000003
   28    15    -0.000002    -0.000005
   28   -15    -0.000003    -0.000004
   28    16     0.000001    -0.000005
   28   -16     0.000002    -0.000001
   28    17    -0.000002    -0.000000
   28   -17     0.000002     0.000004
   28    18    -0.000003     0.000000
   28   -18    -0.000004     0.000001
   28    19    -0.000001    -0.000002
   28   -19     0.000003    -0.000000
   28    20    -0.000002    -0.000001
   28   -20    -0.000003    -0.000000
   28    21    -0.000003     0.000003
   28   -21     0.000000     0.000000
   28    22    -0.000001    -0.000001
   28   -22    -0.000002     0.000002
   28    23     0.000001    -0.000000
   28   -23     0.000001    -0.000003
   28    24     0.000000    -0.000001
   28   -24    -0.000000     0.000000
   28    25    -0.000003     0.000000
   28   -25     0.000002     0.000002
   28    26     0.000001    -0.000001
   28   -26    -0.000000    -0.000000
   28    27     0.000001     0.000000
   28   -27    -0.000001    -0.000002
   28    28    -0.000001    -0.000001
   28   -28    -0.000000    -0.000001
   29     0     0.000014    -0.000006
   29     1    -0.000002     0.000006
   29    -1    -0.000006     0.000005
   29     2     0.000001    -0.000006
   29    -2     0.000006    -0.000003
   29     3    -0.000004     0.000001
   29    -3     0.000010    -0.000004
   29     4     0.000008    -0.000007
   29    -4     0.000000    -0.000005
   29     5    -0.000010     0.000008
   29    -5    -0.000000     0.000000
   29     6     0.000006    -0.000001
   29    -6     0.000004     0.000008
   29     7     0.000003    -0.000003
   29    -7    -0.000001    -0.000000
   29     8     0.000004    -0.000001
   29    -8     0.000002    -0.000004
   29     9    -0.000006    -0.000004
   29    -9     0.000005     0.000001
   29    10    -0.000004     0.000001
   29   -10    -0.000004    -0.000005
   29    11    -0.000005    -0.000004
   29   -11    -0.000003    -0.000002
   29    12     0.000001     0.000001
   29   -12     0.000000     0.000002
   29    13    -0.000002    -0.000003
   29   -13     0.000003    -0.000001
   29    14    -0.000002    -0.000002
   29   -14     0.000001     0.000001
   29    15    -0.000005    -0.000001
   29   -15    -0.000002    -0.000003
   29    16    -0.000002    -0.000001
   29   -16    -0.000001    -0.000001
   29    17    -0.000001     0.000002
   29   -17    -0.000002     0.000001
   29    18    -0.000000     0.000000
   29   -18    -0.000004     0.000001
   29    19     0.000001    -0.000002
   29   -19    -0.000001    -0.000002
   29    20    -0.000001     0.000001
   29   -20    -0.000002     0.000002
   29    21    -0.000001     0.000001
   29   -21     0.000002    -0.000001
   29    22    -0.000002    -0.000001
   29   -22     0.000000    -0.000000
   29    23     0.000000    -0.000001
   29   -23     0.000000    -0.000000
   29    24     0.000000    -0.000000
   29   -24    -0.000000    -0.000000
   29    25    -0.000000    -0.000000
   29   -25     0.000001     0.000001
   29    26     0.000001     0.000000
   29   -26     0.000000    -0.000001
   29    27    -0.000000    -0.000000
   29   -27     0.000000     0.000001
   29    28    -0.000000    -0.000000
   29   -28    -0.000001     0.000000
   29    29    -0.000000     0.000001
   29   -29     0.000001     0.000001
   30     0     0.000007    -0.000007
   30     1     0.000003     0.000001
   30    -1    -0.000009     0.000004
   30     2    -0.000004     0.000003
   30    -2    -0.000009    -0.000000
   30     3    -0.000003    -0.000002
   30    -3     0.000003    -0.000002
   30     4     0.000001    -0.000002
   30    -4    -0.000003    -0.000001
   30     5    -0.000002     0.000007
   30    -5     0.000003     0.000001
   30     6     0.000001     0.000003
   30    -6     0.000002     0.000002
   30     7     0.000003    -0.000001
   30    -7    -0.000001     0.000004
   30     8    -0.000000    -0.000000
   30    -8     0.000000    -0.000000
   30     9    -0.000003     0.000001
   30    -9     0.000002    -0.000003
   30    10    -0.000001    -0.000001
   30   -10    -0.000003    -0.000000
   30    11    -0.000003    -0.000001
   30   -11    -0.000001    -0.000001
   30    12     0.000000     0.000001
   30   -12    -0.000001    -0.000001
   30    13     0.000001     0.000000
   30   -13    -0.000000     0.000000
   30    14     0.000000     0.000001
   30   -14    -0.000000    -0.000001
   30    15    -0.000001     0.000002
   30   -15     0.000003     0.000001
   30    16    -0.000000     0.000001
   30   -16    -0.000000    -0.000001
   30    17     0.000001     0.000002
   30   -17    -0.000001    -0.000001
   30    18     0.000001    -0.000000
   30   -18     0.000002     0.000000
   30    19     0.000000    -0.000000
   30   -19    -0.000000    -0.000001
   30    20     0.000001     0.000001
   30   -20     0.000001     0.000000
   30    21    -0.000000    -0.000001
   30   -21    -0.000000     0.000000
   30    22    -0.000001    -0.000000
   30   -22     0.000002    -0.000001
   30    23     0.000000     0.000000
   30   -23     0.000001    -0.000001
   30    24     0.000000     0.000000
   30   -24    -0.000001     0.000001
   30    25     0.000001     0.000001
   30   -25    -0.000001    -0.000001
   30    26     0.000001     0.000001
   30   -26    -0.000000     0.000000
   30    27    -0.000000     0.000001
   30   -27     0.000000    -0.000000
   30    28     0.000000     0.000000
   30   -28    -0.000000     0.000000
   30    29    -0.000000     0.000000
   30   -29     0.000000    -0.000000
   30    30     0.000000     0.000000
   30   -30    -0.000000    -0.000001
