# Magnetic signature of oceanic Q1 tide derived using KALMAG
# Using CHAMP, Swarm and Observatories until 2022.85 (Julien, pers. comm.)
# Phase given with respect to the Greenwich meridian
# First data line: N_max T_M2 (in hours)
# Subsequent data lines: degree n   order m   a_n^m/b_n^m   c_n^m/d_n^m
# where m >= 0 correspond to the cosine time dependent terms a_n^m resp c_n^m,
# and m < 0 correspond to the sine time dependent terms b_n^m resp d_n^m.
   30 26.868350
1 0 0.0013703093 -0.0071123189
1 1 4.4924311e-05 -0.00016785636
1 -1 0.00039192255 -0.0016650525
2 0 -0.0073196784 -0.009493168
2 1 0.011978781 0.018026068
2 -1 0.011914748 -0.0045214478
2 2 0.0011590028 -0.0044080968
2 -2 0.0015002534 0.0086308275
3 0 -0.0037458662 -0.005231914
3 1 -0.0052902768 -0.0034776353
3 -1 -0.0061642734 -0.0074723785
3 2 0.0023140399 -0.00098199067
3 -2 0.0043745162 0.0047663951
3 3 0.0011949531 -0.0019265718
3 -3 0.0022588969 0.0044111464
4 0 0.00063894034 -0.0033901589
4 1 0.00045618391 0.011925738
4 -1 0.0070281094 0.003374357
4 2 -0.0050127642 0.0018583693
4 -2 -0.0032007707 0.013076533
4 3 0.00084828405 0.001629712
4 -3 0.0028115026 0.0053715689
4 4 0.00070019816 0.0023446057
4 -4 -0.0019704047 -0.0025629046
5 0 -0.0043346125 -0.0050040433
5 1 0.00023359892 0.0025643481
5 -1 0.0090722298 -0.0025466238
5 2 0.0057070679 -0.008733759
5 -2 0.0023760673 0.0047084716
5 3 0.0072480222 0.0017488677
5 -3 -0.001571033 0.0013143282
5 4 0.00390288 0.0032629728
5 -4 0.0039702863 -0.004156311
5 5 -0.0039038754 -0.0061600962
5 -5 0.0037889626 0.0037198557
6 0 -0.0001102996 0.00047303823
6 1 0.00067723513 0.003632382
6 -1 -0.0029912178 0.0010159548
6 2 0.00093685182 0.0023319463
6 -2 -0.0035511291 0.0052213425
6 3 -0.0001153135 0.0081063493
6 -3 0.0060734622 -0.002901262
6 4 -0.0021184876 0.0043997863
6 -4 0.0001019116 -0.0023393346
6 5 -0.0016494128 -0.00074524342
6 -5 -0.00048810717 0.0019433168
6 6 -0.0011638947 -0.0032436124
6 -6 -0.0022034555 0.0036040794
7 0 0.0015093965 -0.0007799853
7 1 -0.0019254474 0.0041972101
7 -1 0.007415305 0.00037551672
7 2 0.0037142667 -0.0030857044
7 -2 -0.0010648777 0.0045264009
7 3 -0.0011898668 -0.0018280736
7 -3 -0.0019910562 0.0024526567
7 4 0.0038026245 -0.0025605959
7 -4 0.0017453548 -0.00098049131
7 5 0.0018393173 0.0041615986
7 -5 0.0032112729 -0.0013388697
7 6 -0.0047525272 0.0022943603
7 -6 0.00019636591 0.0018946162
7 7 -0.00078545859 -0.0019745927
7 -7 0.00041565919 -0.0057320481
8 0 0.0020927581 0.0018433509
8 1 -0.0022168507 9.2885569e-05
8 -1 -0.0011779367 0.0014303062
8 2 0.0010571427 -0.00079960884
8 -2 -0.0020395108 0.0021114458
8 3 -0.00073106644 -0.0010385212
8 -3 0.0016187629 0.0025421027
8 4 -0.0019500852 0.0022302505
8 -4 -0.00029098966 -0.0023431074
8 5 0.00060179073 0.0022232299
8 -5 0.001626568 -0.0015416506
8 6 -0.0026346764 0.00050971081
8 -6 -0.0024670768 -0.0026201849
8 7 -0.0033854092 -0.00032507905
8 -7 0.00065640282 -0.0024335534
8 8 0.0012474351 -0.0048025076
8 -8 0.00081386995 0.0025607069
9 0 0.0020914874 0.0011138372
9 1 0.00048882321 0.0055979913
9 -1 0.0015779728 0.00040645239
9 2 0.0021152642 0.00025289128
9 -2 -0.00038501544 0.0016184551
9 3 -5.614425e-05 0.0025830125
9 -3 -0.0016776898 -0.0022089464
9 4 -0.00035796982 0.0020440061
9 -4 0.0015123511 7.7740561e-05
9 5 1.5927357e-05 -0.0013821965
9 -5 -0.00012199241 0.00094337183
9 6 0.001210798 -0.00051059139
9 -6 0.00069247485 0.0011914846
9 7 0.00018962272 -0.0011974149
9 -7 -0.0022203829 0.00024412585
9 8 2.9140034e-05 -0.0019755043
9 -8 0.00037087255 -0.0036768052
9 9 -0.0017871458 0.00012911353
9 -9 0.0034087692 -0.00051522243
10 0 -0.00039577364 0.0035704176
10 1 -0.0034478833 -0.0015092608
10 -1 0.00056530551 0.00045138206
10 2 0.00090583506 -1.6736137e-05
10 -2 -0.0021260361 0.00068479172
10 3 0.00085578183 0.0017368363
10 -3 0.0035367778 -0.0021298011
10 4 3.3280657e-05 -0.00080867958
10 -4 -0.0011972105 0.0010573855
10 5 -0.0023300702 0.00021758987
10 -5 -0.00072095917 0.00081634233
10 6 2.3423678e-05 0.00079071397
10 -6 8.7478563e-05 0.00093186881
10 7 -0.00020533312 0.00016772222
10 -7 -0.00051690476 0.0012216935
10 8 -0.0018529026 -0.0015447288
10 -8 0.0011491387 -0.0011166535
10 9 0.00070891361 0.00030781888
10 -9 -0.0010818972 9.3369475e-05
10 10 -0.00027231669 -0.00024320556
10 -10 0.00057511983 0.00097565298
11 0 0.0030968008 0.00011408859
11 1 3.130036e-05 0.00239974
11 -1 -0.00057383244 0.00074867847
11 2 0.00063516667 -0.00087566359
11 -2 -0.0010962143 -0.00084947063
11 3 0.00044390599 0.00027167933
11 -3 -0.00019122889 -0.0019560012
11 4 0.00014631961 -0.0015380312
11 -4 -0.0015623214 -0.00075678108
11 5 -0.00042337416 0.001018605
11 -5 -0.00047233981 1.0620841e-05
11 6 0.00035030783 0.00039508206
11 -6 0.00010045036 -0.00065129465
11 7 0.00089651386 2.7814288e-05
11 -7 -0.00079762796 0.0010818054
11 8 -0.00014510268 -0.0011610234
11 -8 0.00022103076 -0.00037104007
11 9 -0.0014747668 -0.00012189877
11 -9 -0.00064015612 -0.000592568
11 10 -0.0013600115 0.00089999078
11 -10 -0.001849183 0.00070960751
11 11 2.9221908e-05 0.00068666634
11 -11 -0.00097703597 0.00056406228
12 0 0.00099345709 0.003127466
12 1 -0.0021466827 -0.00045214632
12 -1 -8.0503322e-05 -0.001881315
12 2 0.001084606 -0.001031099
12 -2 -0.0020980315 0.00035284922
12 3 -0.00044866969 0.0010184215
12 -3 0.0014147603 -0.001480133
12 4 -0.00046499205 0.0011144746
12 -4 0.00017654581 0.00042917429
12 5 -0.0007497416 0.00016460596
12 -5 -0.00056150008 -0.00010851691
12 6 -0.00043342544 0.00026099759
12 -6 -0.00041345927 -0.00069793712
12 7 -0.0001824903 0.00083202816
12 -7 0.00016900435 -0.00054457458
12 8 0.00016163825 0.00037754506
12 -8 -0.00024688358 -8.4042637e-05
12 9 -0.0004690645 -4.7201513e-05
12 -9 -0.0010420607 0.00085759428
12 10 -0.00016570915 -0.00041624236
12 -10 -0.00033982575 0.00036143623
12 11 -0.00078298854 -0.00016750513
12 -11 -0.00095383607 0.00048838805
12 12 -0.0013519784 -0.00041708636
12 -12 0.00068180976 0.00013635337
13 0 0.0018354636 0.00025324616
13 1 -0.00080274873 0.0012857715
13 -1 0.00053174982 0.00096557466
13 2 -0.00086991027 -0.00058051403
13 -2 -0.00095212617 -0.0021112718
13 3 7.4464767e-07 0.00057282302
13 -3 -0.00039274842 -0.0022972366
13 4 0.0018229283 -0.00018897771
13 -4 0.00029663787 2.2412534e-05
13 5 0.00016827451 0.00099487602
13 -5 -0.00015777237 0.00030894824
13 6 -0.00044257904 -0.00025700202
13 -6 -0.00056029195 0.0012928144
13 7 -0.0001742564 9.1401813e-05
13 -7 8.5556303e-05 6.4839881e-05
13 8 0.00088885538 0.00033076858
13 -8 -0.00033522166 0.00061007619
13 9 0.00054343437 0.00020902026
13 -9 0.00038321571 0.0011294353
13 10 0.00078349334 -0.0011850607
13 -10 0.00015170618 -0.00056499408
13 11 0.0002795495 -0.00050941826
13 -11 0.00080986497 -0.00027305419
13 12 0.0002533927 -0.00053510179
13 -12 -0.00098639344 0.00031154158
13 13 0.00024979138 -0.00049475451
13 -13 0.00013650826 -0.00060133291
14 0 -0.00083136483 0.0011133016
14 1 -0.00059021983 -0.00047518006
14 -1 0.0016634148 -0.00056862558
14 2 0.0013256046 -0.00047550371
14 -2 -0.00020452043 -0.0019864406
14 3 0.00016255121 -0.00056969322
14 -3 0.0006211186 -0.0014880888
14 4 -0.00019839697 -0.00039112589
14 -4 0.00078619399 0.00079864948
14 5 -0.0011893164 -9.2879492e-05
14 -5 -0.00070106564 0.00011811439
14 6 0.00015280266 -0.00030626492
14 -6 -0.00011277812 0.00060855379
14 7 0.00035886563 0.00023327303
14 -7 -5.4024679e-05 0.00066049033
14 8 -0.00013955434 -0.00048712945
14 -8 0.0004702102 0.00020062127
14 9 2.5047592e-05 0.00012077383
14 -9 -8.9361907e-05 -1.5283762e-05
14 10 9.2549762e-05 -4.8059989e-05
14 -10 -0.00025359998 -0.00025630013
14 11 0.00031892127 9.5815183e-05
14 -11 0.00041017407 0.00012497491
14 12 0.00056528828 0.00020239408
14 -12 -0.00072213728 -9.0245633e-05
14 13 -0.00045030931 0.00058880246
14 -13 0.00028353204 -0.000445086
14 14 0.00029608947 0.00019102231
14 -14 0.00011502108 -0.00050554854
15 0 0.00079281365 0.00048840956
15 1 -0.0005026273 -0.00076634023
15 -1 0.00013961351 0.00058558885
15 2 -0.0011209672 -0.00038158193
15 -2 -0.00053958276 -0.00045259113
15 3 -0.00028972289 -0.00093241567
15 -3 -0.00035751784 -0.00093277054
15 4 0.00052517525 -0.00090660175
15 -4 0.00016139287 9.9243872e-05
15 5 -0.00018453903 0.00043003185
15 -5 -0.00012284484 -0.00062759256
15 6 0.0001159874 0.00029105994
15 -6 0.00020925689 -0.00076371641
15 7 6.4983446e-05 0.0005339097
15 -7 8.4483036e-05 9.5103476e-05
15 8 -0.00043648938 -0.00015868557
15 -8 4.3575107e-05 -0.00035222293
15 9 1.8032579e-05 0.00014021744
15 -9 -0.00052528296 6.6040939e-05
15 10 -0.00010906578 0.00034248665
15 -10 0.00010919594 0.00039641222
15 11 -0.00017363474 -0.00023375434
15 -11 -0.00040024113 -0.00038901753
15 12 8.3309677e-05 0.0002759115
15 -12 0.00017874628 8.7633337e-05
15 13 -0.00017180895 0.00012175841
15 -13 -5.9858669e-05 9.5519787e-05
15 14 -8.4104556e-05 -0.00022567422
15 -14 0.00019649409 0.00028566078
15 15 9.8914643e-05 -2.8735902e-05
15 -15 -0.00017677454 -5.8326103e-05
16 0 9.4367324e-05 0.00022689831
16 1 0.00014840041 0.0012244892
16 -1 0.00068438969 -0.00067094875
16 2 -0.00014615341 0.00020095263
16 -2 -0.00016839569 -0.00066616715
16 3 0.00058518676 0.00041247811
16 -3 7.7139623e-06 -0.0012462772
16 4 -0.00032531471 -9.8375034e-05
16 -4 0.0001775296 5.0524057e-05
16 5 0.00011254961 -0.00037958802
16 -5 0.00037489621 -0.00015752678
16 6 -0.00010257345 -3.6939031e-05
16 -6 3.0857324e-05 -0.00046028354
16 7 -3.6819932e-05 3.7035963e-05
16 -7 -0.00015017031 -9.8140514e-07
16 8 0.0001404363 -3.3961378e-05
16 -8 -9.6542679e-05 -4.8594027e-05
16 9 5.6399825e-06 -7.4718767e-06
16 -9 -1.137782e-05 0.00010389738
16 10 0.00020762357 -2.5755365e-05
16 -10 -2.8813454e-05 -0.0001088753
16 11 -4.1754481e-05 -0.00038810808
16 -11 -0.00027264669 -5.6317799e-05
16 12 -0.0001862272 -2.9837473e-05
16 -12 0.00032732992 -0.00013293161
16 13 0.00025664545 -0.00015356911
16 -13 5.2712456e-06 0.00024214221
16 14 9.1566282e-05 6.1557467e-05
16 -14 -3.2371771e-05 0.00013380779
16 15 -8.5407911e-05 -9.9729231e-05
16 -15 -0.00019413948 8.365272e-05
16 16 -0.00012556671 -5.5471088e-06
16 -16 -1.172402e-05 4.9968428e-05
17 0 0.00010493716 0.0005468556
17 1 -0.00060607091 0.00029452884
17 -1 -0.00040591999 -7.1431132e-05
17 2 -0.00094994318 1.2393185e-05
17 -2 -0.00060983245 -0.00016091013
17 3 0.00031373424 8.8596273e-05
17 -3 -0.00055230976 2.6004744e-05
17 4 0.00032241876 0.00025173
17 -4 -0.00019182841 -5.0010924e-05
17 5 -0.00014848106 3.0294859e-05
17 -5 -0.00011800271 -0.00035184365
17 6 -0.00052810266 -9.341011e-05
17 -6 -7.05466e-05 -7.2589391e-05
17 7 -0.00030360475 4.9964001e-05
17 -7 0.00025321468 -0.00022980133
17 8 8.9145991e-05 0.00016828534
17 -8 3.8411186e-05 -1.3675392e-05
17 9 5.0814297e-05 -0.00010980395
17 -9 0.00019202476 -0.00016894438
17 10 -0.00010612086 -0.00013178945
17 -10 -2.5175638e-05 -0.0002683739
17 11 -6.6260848e-05 0.00033432232
17 -11 0.00010061364 0.0003605374
17 12 2.0804606e-05 0.00011906597
17 -12 -3.5031726e-05 -6.1749271e-05
17 13 -0.00016578831 -0.00024049842
17 -13 7.1285593e-05 0.00012448293
17 14 8.9071253e-05 -0.00010420115
17 -14 -6.4210256e-05 -0.00010459236
17 15 9.714123e-06 -3.8256788e-05
17 -15 0.00013341753 -9.3408157e-05
17 16 -0.00018348053 -1.9287093e-05
17 -16 2.0865372e-05 0.00011316209
17 17 -0.00011744176 2.7941114e-05
17 -17 -1.8408002e-05 4.3258893e-05
18 0 -2.1724867e-05 -0.00024235258
18 1 0.00045734127 0.00021909757
18 -1 0.00019548775 -0.00010578365
18 2 -0.00019168444 0.00032389042
18 -2 -1.097065e-05 -0.00049785394
18 3 0.00028076498 -0.00035652275
18 -3 0.00010313009 -0.00032319145
18 4 0.00011748469 3.6768369e-05
18 -4 -0.00011955834 6.6250387e-05
18 5 0.00014681433 0.00015537734
18 -5 2.9872923e-05 -9.8804533e-06
18 6 3.1243382e-05 5.7764536e-05
18 -6 0.00015843429 1.4494201e-05
18 7 0.00022549849 3.5047031e-05
18 -7 -0.00018878134 1.5757066e-05
18 8 -5.2258094e-05 1.5098806e-05
18 -8 3.6647656e-05 5.3404437e-05
18 9 2.936394e-05 -4.2865364e-05
18 -9 0.00016111518 0.00016427992
18 10 -0.00016787231 5.549756e-05
18 -10 0.00013727749 -0.00015665093
18 11 1.3096902e-05 4.8185565e-05
18 -11 0.00023214318 -3.917903e-05
18 12 1.2128484e-05 3.219336e-05
18 -12 -9.6996504e-05 5.7220871e-05
18 13 6.6086525e-05 6.5018523e-05
18 -13 -2.9100153e-05 -6.7311562e-06
18 14 1.3520883e-05 2.9766386e-05
18 -14 -6.1063432e-05 -4.2235729e-05
18 15 2.5310393e-05 3.019024e-05
18 -15 6.3830107e-05 2.8449796e-06
18 16 -2.8235344e-05 0.00012517898
18 -16 0.00011038841 -6.2035275e-05
18 17 -9.3947008e-05 5.9593642e-05
18 -17 -7.412782e-05 -2.6192007e-05
18 18 1.242803e-05 1.9215042e-05
18 -18 0.00010311674 6.7148085e-05
19 0 0.00010198492 0.00031839459
19 1 -0.00015961256 0.00041816561
19 -1 3.5403837e-05 -0.00018049571
19 2 -0.0005013185 -3.4512722e-05
19 -2 -0.0001561432 8.2057253e-05
19 3 0.00029364075 1.7149509e-06
19 -3 -7.2767125e-05 0.00010021609
19 4 -8.9336905e-05 -0.00019436869
19 -4 6.7244516e-05 6.8523292e-05
19 5 4.1307012e-05 2.6777502e-06
19 -5 0.00012186555 -0.00015234361
19 6 -0.0001518139 -6.3445887e-05
19 -6 -0.00011093505 -0.00023150436
19 7 7.6974868e-05 -0.00020647739
19 -7 9.8284776e-05 -5.101291e-05
19 8 1.9829875e-06 -6.7992144e-05
19 -8 8.9006e-05 -6.986218e-05
19 9 -0.00010684729 -8.0434588e-05
19 -9 6.2892462e-05 9.1222387e-05
19 10 1.3662055e-06 -5.243096e-05
19 -10 -5.9969419e-06 0.00014116854
19 11 6.2468874e-05 -0.00016693944
19 -11 -7.4150931e-05 -8.8646145e-05
19 12 8.1346546e-05 -3.3411184e-05
19 -12 3.7509265e-05 -3.1075894e-05
19 13 6.040739e-05 3.6118584e-05
19 -13 3.0053931e-05 -6.4428705e-05
19 14 -9.1194199e-05 8.7077955e-05
19 -14 5.0629385e-05 3.1673831e-05
19 15 8.7121476e-05 3.6279351e-05
19 -15 6.1298545e-06 -1.2272976e-05
19 16 -0.0001079071 6.1490134e-05
19 -16 -7.7203812e-05 -4.1786234e-05
19 17 2.3599365e-05 -6.3730284e-05
19 -17 -1.7881841e-05 -2.853838e-05
19 18 1.0009214e-05 -3.612797e-05
19 -18 -4.0420068e-05 9.1032206e-05
19 19 -7.3499379e-06 -6.0400019e-06
19 -19 -7.1869367e-05 -1.2665255e-05
20 0 7.430283e-05 -0.00014763757
20 1 0.00041738373 0.00031244144
20 -1 0.00014176015 -0.00014019918
20 2 -6.278017e-05 0.00021509428
20 -2 8.190092e-06 -7.2002797e-05
20 3 0.00010913476 0.00010534906
20 -3 -7.2726895e-06 -9.1640083e-05
20 4 1.65975e-05 3.1131135e-05
20 -4 -8.647141e-05 -0.00013432255
20 5 0.0001068851 -3.6489817e-05
20 -5 0.00013886835 2.2825874e-05
20 6 -4.9672134e-05 8.6481988e-05
20 -6 -4.7276852e-05 -8.626332e-05
20 7 5.2441489e-05 2.3718131e-05
20 -7 -5.5129048e-05 4.877473e-05
20 8 3.9392943e-05 -2.904743e-05
20 -8 5.600756e-05 -6.9560159e-05
20 9 -1.1882408e-05 7.8724817e-06
20 -9 -1.3956867e-05 -0.00010636901
20 10 3.0031376e-05 -2.7580261e-05
20 -10 2.9734358e-05 4.112117e-05
20 11 -3.0924908e-06 3.5373319e-05
20 -11 -0.00011798681 -1.7828887e-05
20 12 -6.9365372e-08 -4.1604803e-05
20 -12 4.0160511e-05 -1.2721768e-05
20 13 -4.1469032e-05 -2.06238e-05
20 -13 8.1201887e-06 2.8646479e-05
20 14 4.284197e-05 -1.9521017e-05
20 -14 -2.1255159e-06 4.6327337e-05
20 15 2.8686478e-07 -1.7488426e-07
20 -15 2.4238024e-05 1.1422949e-05
20 16 3.3864981e-06 -2.939052e-05
20 -16 2.1205861e-05 7.0027351e-05
20 17 -4.3134473e-05 -3.8628001e-05
20 -17 4.4710159e-05 -5.5616257e-06
20 18 1.211137e-06 1.6663666e-05
20 -18 -5.5911765e-05 2.1636867e-05
20 19 -9.2296359e-06 3.7364332e-10
20 -19 -1.1691489e-06 -1.5992069e-05
20 20 -3.5371567e-05 -1.1168755e-05
20 -20 -1.8903402e-05 -2.010464e-05
21 0 -0.00012972693 0.00019440433
21 1 5.3528923e-05 0.00014631334
21 -1 8.8354232e-05 -0.0001207157
21 2 -0.00033880418 0.00020303343
21 -2 -0.00019145388 3.0418363e-05
21 3 0.00025449155 4.4073476e-05
21 -3 -4.876057e-05 -7.6629505e-06
21 4 -0.0001071583 6.7670615e-05
21 -4 -8.5675579e-05 7.9684543e-05
21 5 3.7483605e-05 -5.120134e-05
21 -5 0.00013665248 1.5205421e-05
21 6 3.5722752e-05 -4.159753e-05
21 -6 -0.00010004137 1.6988868e-05
21 7 -9.8054879e-05 -3.3380285e-05
21 -7 6.0040907e-05 -6.6267811e-05
21 8 1.2463177e-07 -1.4499952e-05
21 -8 9.9122443e-06 6.3280567e-05
21 9 2.0527817e-05 1.7667703e-05
21 -9 1.3639529e-05 -3.518795e-05
21 10 4.2571333e-06 2.1290274e-05
21 -10 3.8922573e-05 -4.0301583e-05
21 11 -5.448398e-05 5.5685706e-05
21 -11 5.4083528e-06 1.2109801e-05
21 12 -1.4949584e-05 -2.6858453e-07
21 -12 -1.2353836e-05 1.70599e-05
21 13 1.6258047e-05 4.2761851e-05
21 -13 -2.9853183e-06 2.6167242e-05
21 14 6.9518566e-06 -2.3940655e-05
21 -14 -7.6768479e-06 -3.3820205e-05
21 15 -3.0638762e-05 -3.126069e-05
21 -15 1.0411686e-05 3.9919122e-06
21 16 4.1671499e-05 -2.6473606e-05
21 -16 2.4660421e-05 4.4044905e-05
21 17 3.1728152e-06 1.9007205e-05
21 -17 -1.761577e-05 -1.5300627e-05
21 18 -2.8139883e-05 -1.1820526e-05
21 -18 6.3103845e-06 -2.146323e-05
21 19 -1.7316294e-06 8.1941164e-06
21 -19 2.4379437e-05 -1.9263005e-05
21 20 -1.8874629e-05 -1.4745785e-05
21 -20 5.2193554e-06 -5.2406535e-06
21 21 1.3091887e-05 4.1742648e-06
21 -21 -1.3842161e-05 1.3954873e-05
22 0 2.4742096e-05 -4.187688e-05
22 1 0.00018390625 8.460154e-05
22 -1 6.775421e-05 -5.4938206e-05
22 2 -3.7961701e-05 7.3515293e-05
22 -2 2.5087058e-05 7.8238555e-05
22 3 7.6342048e-06 -2.7111859e-05
22 -3 2.18354e-05 9.6872686e-07
22 4 2.6738238e-05 9.9664945e-05
22 -4 -3.3981211e-05 -7.3254886e-05
22 5 2.760479e-05 7.0540592e-05
22 -5 -1.3826739e-05 -6.1960245e-06
22 6 -1.634734e-05 8.1885582e-06
22 -6 -7.8606654e-06 1.8917943e-05
22 7 3.5093613e-05 -1.8209133e-05
22 -7 -5.3829068e-05 -1.5385829e-06
22 8 -1.0406361e-05 4.6423234e-05
22 -8 -7.4926437e-06 1.3291376e-05
22 9 8.734279e-06 -1.5717008e-05
22 -9 2.6989112e-05 -1.5576013e-06
22 10 -1.2217547e-05 -1.9495759e-05
22 -10 -3.5014801e-05 2.3921242e-05
22 11 1.734014e-05 -2.2835471e-06
22 -11 2.8373726e-05 6.5430152e-06
22 12 1.282159e-05 3.2059383e-05
22 -12 1.4552693e-05 -1.0235516e-06
22 13 -3.958293e-05 -2.6384356e-05
22 -13 -4.1748783e-06 -8.0160577e-06
22 14 -3.6384799e-05 2.0807844e-05
22 -14 2.9492691e-05 -2.0198342e-05
22 15 2.1127744e-05 -1.7628378e-05
22 -15 1.1048389e-05 -1.2905631e-05
22 16 -2.8815494e-05 -9.2928556e-07
22 -16 -1.2869392e-05 -1.2778497e-05
22 17 8.8272137e-08 -1.4429613e-05
22 -17 -2.2409188e-05 1.8043195e-05
22 18 8.7851197e-06 -1.0882954e-05
22 -18 -9.8072548e-07 2.9757717e-06
22 19 2.7770364e-05 -1.5382076e-05
22 -19 1.2726932e-05 -4.0098299e-07
22 20 9.2542522e-06 -8.4436476e-06
22 -20 -1.7392812e-05 4.2200628e-06
22 21 -1.3773017e-05 -1.7970634e-05
22 -21 -2.5145566e-06 -9.3592048e-06
22 22 -3.091554e-06 4.1093801e-07
22 -22 -2.8701676e-06 -2.3897479e-06
23 0 -3.1418356e-05 4.9114597e-05
23 1 -4.2511568e-05 3.7353435e-05
23 -1 7.5779135e-05 -3.9286461e-05
23 2 -6.6451297e-05 6.2572261e-06
23 -2 -3.930217e-05 3.6280343e-05
23 3 9.9518638e-05 1.3960104e-07
23 -3 -1.5200197e-05 2.2594971e-05
23 4 -8.6357581e-06 8.7624379e-06
23 -4 8.332218e-06 1.7759495e-05
23 5 -1.4264964e-05 -2.785678e-05
23 -5 2.6173977e-05 9.2925707e-06
23 6 -2.5586297e-05 -1.2956026e-05
23 -6 -5.0870298e-05 -1.3478714e-05
23 7 2.0696076e-05 -1.7022404e-05
23 -7 -2.6974763e-05 -1.8651299e-05
23 8 2.7117752e-05 1.806289e-05
23 -8 -7.7459279e-06 3.8359986e-05
23 9 5.4733554e-07 -3.5677144e-05
23 -9 -1.2599524e-05 8.4231481e-06
23 10 1.0539371e-05 -8.9099527e-06
23 -10 -2.7244535e-06 3.1184601e-05
23 11 3.6971963e-05 -1.7934387e-05
23 -11 -5.2615595e-07 6.7400793e-06
23 12 -1.1291164e-05 -1.5343159e-05
23 -12 2.7770807e-05 1.2806423e-05
23 13 1.9054832e-06 2.62512e-06
23 -13 -2.3730145e-05 -9.0547343e-06
23 14 1.2276086e-05 1.9640073e-06
23 -14 -1.7008492e-06 9.6158296e-07
23 15 5.0619858e-06 4.1969539e-06
23 -15 -9.0763572e-06 -2.373948e-05
23 16 -2.309812e-05 6.6281777e-06
23 -16 9.4444411e-06 -5.0804915e-06
23 17 -1.7815705e-05 1.3014333e-05
23 -17 2.1200369e-05 4.48499e-06
23 18 2.6164957e-05 1.0803435e-05
23 -18 9.2096592e-06 -6.9060085e-06
23 19 1.6606446e-06 9.7370986e-06
23 -19 -9.0547946e-06 7.3237909e-06
23 20 1.1865558e-05 1.0270677e-05
23 -20 -8.611189e-06 -1.137822e-06
23 21 -9.1245642e-06 7.9932906e-08
23 -21 -4.0839171e-06 -1.8572929e-06
23 22 -7.0575163e-06 -1.0380938e-05
23 -22 -6.9344703e-07 -1.2873747e-05
23 23 1.8924969e-06 -1.236223e-05
23 -23 -2.8346487e-06 8.4350722e-07
24 0 -9.4483362e-06 -8.350875e-05
24 1 8.3639331e-05 5.8015453e-05
24 -1 3.6271931e-05 -8.2952353e-05
24 2 2.6393265e-05 1.801333e-05
24 -2 4.74014e-05 2.467118e-05
24 3 1.4359728e-05 4.566585e-05
24 -3 1.1699081e-05 7.7918823e-06
24 4 1.105277e-05 -1.0087594e-05
24 -4 -1.0020324e-05 -8.6094163e-06
24 5 1.454712e-05 8.6630654e-06
24 -5 3.2275729e-05 -2.8404267e-05
24 6 -6.7856959e-06 -1.1121283e-05
24 -6 7.6657001e-07 -6.284212e-06
24 7 2.2639839e-05 3.2875705e-06
24 -7 6.3066126e-06 -3.1223555e-06
24 8 -1.8080522e-05 -1.8787296e-05
24 -8 -1.3504755e-06 -1.8969033e-05
24 9 3.7798304e-06 4.5335098e-06
24 -9 -5.8772766e-06 -2.7635902e-05
24 10 1.2675267e-05 2.7020581e-06
24 -10 1.5379777e-05 -1.0555668e-05
24 11 -1.2349299e-05 2.5427505e-06
24 -11 -1.6249857e-06 1.2142679e-05
24 12 -1.0551836e-06 6.842745e-07
24 -12 -2.4454584e-06 8.5971659e-06
24 13 1.130159e-05 1.8060372e-05
24 -13 -6.9545817e-06 9.1880071e-06
24 14 1.7164122e-05 -1.6371021e-05
24 -14 1.0217325e-05 6.0307868e-06
24 15 -9.1522142e-06 -8.3643358e-06
24 -15 2.1007322e-06 6.0539026e-06
24 16 6.2993138e-06 -1.5790905e-06
24 -16 1.6464925e-05 -9.8427907e-06
24 17 1.3740619e-05 1.4300794e-05
24 -17 8.0308936e-06 -1.6068254e-05
24 18 -8.1981573e-07 5.0080139e-06
24 -18 -5.1843268e-06 -8.3589754e-06
24 19 -3.1119578e-06 5.3214291e-06
24 -19 -1.1150123e-05 -5.6547921e-06
24 20 9.6436505e-06 -9.5484716e-07
24 -20 2.7715175e-06 -1.9622115e-06
24 21 3.5976239e-07 -3.6347648e-07
24 -21 9.4872873e-06 -1.1921664e-05
24 22 3.0108578e-06 4.5511656e-06
24 -22 -5.2093932e-06 6.282002e-08
24 23 7.709497e-06 -7.6868196e-06
24 -23 2.1343002e-06 -2.3125204e-06
24 24 -9.2683239e-08 2.4611728e-06
24 -24 6.6980282e-06 1.7443275e-06
25 0 -5.8888129e-06 1.7319451e-05
25 1 -6.0452181e-06 3.1504213e-05
25 -1 6.4642776e-05 -4.1863957e-05
25 2 7.3848261e-07 3.0052628e-06
25 -2 -3.1495689e-05 2.4774082e-05
25 3 3.8304013e-05 9.7684865e-06
25 -3 -1.5967083e-05 4.1697959e-06
25 4 -3.0826766e-05 -5.2529975e-06
25 -4 -1.5966419e-05 3.3429581e-06
25 5 1.5337708e-05 1.0828887e-05
25 -5 -6.3760913e-06 -3.4714316e-07
25 6 1.5053096e-05 1.2859713e-07
25 -6 -9.5310142e-06 9.3855175e-06
25 7 -8.6136739e-06 1.4062495e-05
25 -7 -1.1702138e-05 -6.2405834e-06
25 8 1.094124e-06 1.8405566e-06
25 -8 5.968119e-06 6.7923482e-06
25 9 -3.2815386e-06 1.6992155e-05
25 -9 -1.3732335e-05 -8.7831834e-06
25 10 4.1626231e-06 6.0772396e-06
25 -10 6.4399915e-06 -4.0282591e-06
25 11 -6.1954741e-06 1.2991418e-05
25 -11 -3.3943568e-06 -9.7676988e-06
25 12 -3.496459e-06 -1.6140314e-06
25 -12 -1.4833344e-05 6.2611529e-06
25 13 -2.6113804e-06 3.0290203e-06
25 -13 -1.491715e-07 7.4167142e-06
25 14 -6.5411397e-06 -6.8014166e-07
25 -14 -7.2787626e-06 7.0832483e-06
25 15 -2.6203388e-06 3.0704914e-06
25 -15 2.2280789e-06 1.4946354e-05
25 16 9.8849574e-06 -4.7295469e-06
25 -16 -7.9486457e-06 -1.9262245e-06
25 17 4.3440531e-06 1.6227913e-06
25 -17 -2.0581068e-06 -4.1735828e-06
25 18 -1.5032241e-05 -1.4341072e-06
25 -18 3.1694382e-06 6.8979347e-06
25 19 -6.5885868e-06 -1.028978e-06
25 -19 2.2040693e-06 1.4247057e-06
25 20 1.3265109e-06 -2.7147674e-06
25 -20 8.2277916e-07 -4.6940397e-06
25 21 1.6823382e-06 -3.9076626e-06
25 -21 -2.391494e-06 6.2356046e-07
25 22 2.775356e-06 2.1191143e-06
25 -22 1.0848211e-06 3.1943116e-06
25 23 3.7331229e-06 6.4572465e-06
25 -23 -3.8929607e-06 1.3715342e-08
25 24 2.7582131e-06 3.0566555e-06
25 -24 -2.4337837e-06 7.0388855e-07
25 25 -1.2892657e-06 -1.8527619e-06
25 -25 -5.8547248e-06 2.1370373e-06
26 0 8.5885363e-06 -2.9102703e-05
26 1 1.2526066e-05 3.3347745e-05
26 -1 3.3715506e-05 -3.8254354e-05
26 2 5.15052e-06 -1.3405111e-05
26 -2 1.3659955e-05 2.6031986e-05
26 3 1.0881228e-05 1.9744306e-05
26 -3 3.1428101e-06 3.3887519e-06
26 4 2.9952008e-06 1.1552306e-05
26 -4 9.8826494e-06 -5.0748528e-06
26 5 2.3088584e-07 8.1755169e-06
26 -5 -1.8647584e-06 -9.3058333e-06
26 6 -6.2932956e-06 -1.2781411e-05
26 -6 -3.6329389e-06 6.9037727e-06
26 7 -1.8495943e-06 2.2485158e-06
26 -7 1.6269255e-06 -1.5229421e-05
26 8 2.2875079e-06 2.8510329e-06
26 -8 1.7165703e-06 8.7013561e-06
26 9 5.9881072e-06 6.7321355e-06
26 -9 -5.4328284e-06 9.4315372e-06
26 10 -3.0127677e-06 -1.8003158e-06
26 -10 -9.3586106e-06 -1.9199116e-06
26 11 -1.0072265e-06 -3.961776e-06
26 -11 -2.6649224e-07 1.7458522e-06
26 12 5.2676674e-07 4.2786461e-06
26 -12 -2.4940951e-06 -9.334446e-07
26 13 -2.0550164e-06 -5.1664799e-06
26 -13 -1.3461731e-06 -3.4076171e-06
26 14 -1.0077728e-05 -1.4554679e-06
26 -14 -4.915891e-06 1.2413559e-06
26 15 2.4941173e-06 9.5260044e-07
26 -15 -2.6798889e-06 -1.6422969e-06
26 16 3.3625958e-06 2.8816788e-06
26 -16 -8.1598222e-07 4.8989921e-06
26 17 1.5305726e-07 -3.6926123e-09
26 -17 7.3859115e-07 5.1212078e-06
26 18 -2.1422713e-06 -1.0935572e-06
26 -18 1.5529661e-06 5.5980248e-06
26 19 3.6312943e-06 -9.6223025e-07
26 -19 4.4538836e-06 -9.2753711e-08
26 20 -1.315225e-06 1.2726005e-06
26 -20 -6.0784284e-07 2.8976553e-06
26 21 4.0209495e-06 -3.1778122e-06
26 -21 -1.4663658e-06 2.4911698e-06
26 22 -3.3771582e-06 1.8760726e-06
26 -22 -1.1014892e-06 -5.1504438e-07
26 23 1.6524496e-06 2.5830943e-06
26 -23 -5.0716047e-07 -3.9317144e-06
26 24 8.112892e-07 6.0837741e-06
26 -24 -2.0467094e-06 -2.5890407e-06
26 25 2.6730231e-07 1.8459302e-06
26 -25 -2.6741495e-06 -2.0601673e-06
26 26 -3.9571865e-06 -2.8176217e-07
26 -26 -1.3697878e-06 -1.6507575e-06
27 0 -1.1229447e-06 9.6671989e-06
27 1 -1.2634818e-05 7.662057e-06
27 -1 1.8135197e-05 -8.6071828e-06
27 2 4.7784729e-06 6.0997671e-06
27 -2 -5.4821667e-06 1.7784521e-05
27 3 1.309748e-05 -3.2426294e-06
27 -3 -1.0439892e-06 8.3677809e-06
27 4 -6.7730703e-06 1.0007619e-05
27 -4 3.946423e-06 6.0007196e-06
27 5 -1.2243658e-06 -1.5523226e-06
27 -5 -4.9679747e-06 7.7500428e-06
27 6 -6.0060106e-06 3.0110432e-06
27 -6 -4.0521656e-06 -2.9708672e-06
27 7 5.3972296e-06 6.1418288e-06
27 -7 -1.1817449e-06 -1.5963851e-06
27 8 5.3074327e-07 1.1745281e-05
27 -8 -1.2835359e-05 6.7972668e-07
27 9 1.0067969e-06 2.1162944e-06
27 -9 -8.6789495e-06 -4.096368e-06
27 10 -2.0763194e-06 -2.3864436e-06
27 -10 2.9682562e-08 8.6511931e-07
27 11 5.592424e-06 1.1400563e-06
27 -11 -1.3365923e-06 4.7235614e-06
27 12 5.1767722e-07 1.2960517e-06
27 -12 4.4650638e-06 -6.3378669e-08
27 13 -6.0569434e-07 -1.7928706e-07
27 -13 5.0849428e-06 -5.105933e-06
27 14 1.7131581e-06 -4.1906199e-07
27 -14 4.3668919e-06 -1.7902348e-06
27 15 -1.2786652e-06 -1.9524549e-06
27 -15 2.5504762e-07 -4.9018363e-06
27 16 -1.6658285e-06 1.8051478e-06
27 -16 2.3199703e-06 -1.1793152e-06
27 17 9.061135e-10 -5.0065971e-07
27 -17 -6.8955972e-07 9.959124e-07
27 18 4.6649362e-06 1.2728908e-06
27 -18 -1.8459143e-06 -1.3481409e-06
27 19 2.6535376e-06 -6.166969e-07
27 -19 -3.0427295e-06 -2.3873183e-07
27 20 -6.6565957e-07 -4.2138065e-07
27 -20 -1.7458027e-06 1.7232702e-06
27 21 2.487471e-06 2.1943719e-06
27 -21 2.6761172e-06 6.4405866e-07
27 22 9.4984271e-08 -6.753641e-07
27 -22 9.3143423e-08 -2.6506691e-06
27 23 3.0258516e-07 -1.4236193e-06
27 -23 2.0937826e-06 -2.3929992e-06
27 24 7.179328e-07 -3.0963619e-07
27 -24 6.5091606e-07 -1.7493595e-06
27 25 3.5606846e-07 -8.6087683e-08
27 -25 2.29703e-06 6.5931619e-07
27 26 1.9079783e-07 -3.7824084e-08
27 -26 4.4331041e-07 -1.3641407e-06
27 27 9.1101558e-07 1.8024668e-06
27 -27 3.7977735e-07 -3.697582e-07
28 0 -4.2178875e-06 -9.2983973e-06
28 1 3.5068845e-07 9.3801851e-06
28 -1 1.0634936e-05 -1.2473957e-05
28 2 5.9560745e-06 5.0600429e-06
28 -2 8.3541846e-06 5.7738958e-06
28 3 1.4752368e-06 8.0081985e-06
28 -3 -7.8041678e-06 1.0605155e-05
28 4 2.629689e-06 1.6264083e-06
28 -4 2.1119943e-06 -2.0168046e-06
28 5 5.9111864e-06 -1.0915583e-06
28 -5 6.1950779e-08 -2.1504236e-06
28 6 -3.4014769e-06 -3.6082098e-07
28 -6 1.6566142e-06 3.6958561e-06
28 7 1.5540018e-07 -2.8978993e-06
28 -7 4.9037787e-06 1.1802837e-06
28 8 -2.9611596e-07 -1.3906112e-06
28 -8 -1.9374397e-06 -2.4223114e-06
28 9 2.1610173e-06 -8.8765961e-06
28 -9 -2.5207218e-06 -2.4150765e-06
28 10 4.9418741e-06 -2.9922504e-07
28 -10 2.0334755e-06 -1.549295e-06
28 11 1.3032034e-06 9.7619667e-07
28 -11 -1.0190607e-06 2.5124892e-06
28 12 -1.7949797e-06 -1.5547926e-06
28 -12 1.4471178e-06 1.6778368e-06
28 13 4.0319235e-06 5.6185312e-07
28 -13 -9.2996959e-07 -6.09867e-07
28 14 3.0723459e-06 -2.1085378e-06
28 -14 -8.8661701e-07 -1.6469859e-07
28 15 2.668358e-06 1.5822406e-06
28 -15 -8.5688369e-07 -6.7758189e-07
28 16 -1.6397739e-06 2.1923561e-07
28 -16 -1.1614301e-07 -1.5415021e-06
28 17 -1.3623999e-06 -1.7236059e-06
28 -17 1.5225324e-06 1.3585579e-07
28 18 -2.1212977e-08 -1.1887401e-06
28 -18 -1.754378e-06 -1.050328e-06
28 19 -1.8348406e-06 -1.2388907e-07
28 -19 -1.4985376e-07 1.2663403e-06
28 20 -9.1246643e-07 9.9746836e-07
28 -20 3.4312814e-07 -1.5776661e-06
28 21 -9.7203377e-07 6.5500559e-07
28 -21 -4.7568189e-07 -1.3800975e-06
28 22 -2.6993317e-07 -2.8956315e-08
28 -22 -1.1892544e-06 8.6098588e-07
28 23 5.8306733e-07 -4.8893033e-07
28 -23 -5.0062313e-07 1.8717705e-06
28 24 -1.133953e-06 -1.9032113e-06
28 -24 8.8455382e-07 2.3471849e-07
28 25 7.5525514e-07 1.2026923e-06
28 -25 -3.7112792e-08 6.6789e-08
28 26 1.3035081e-06 2.0720909e-06
28 -26 3.5415296e-07 1.3289887e-06
28 27 5.5202812e-08 1.0153834e-07
28 -27 -1.1929413e-06 -2.4070048e-07
28 28 7.2539949e-07 -2.6237033e-07
28 -28 1.0896128e-07 -2.7672314e-07
29 0 3.035126e-06 8.1846366e-07
29 1 -2.6278584e-06 5.4136338e-06
29 -1 2.4989477e-06 -3.8849319e-06
29 2 1.0890268e-06 2.6452904e-06
29 -2 -1.97713e-06 2.6989281e-06
29 3 6.0042825e-06 -2.8127144e-06
29 -3 -4.449787e-06 3.7142753e-06
29 4 -4.2807466e-06 1.3793094e-06
29 -4 -1.8336852e-07 1.1108574e-06
29 5 9.3225553e-07 -2.3002246e-06
29 -5 -3.4517586e-06 1.3397755e-06
29 6 3.5920477e-07 -4.6345642e-06
29 -6 2.7025796e-06 -1.7909902e-07
29 7 -7.7277732e-07 1.3778385e-06
29 -7 5.460463e-07 1.7293272e-06
29 8 -1.0700269e-06 -9.9181484e-07
29 -8 -3.6490138e-07 -3.4717495e-06
29 9 2.6153507e-06 -3.9249365e-07
29 -9 -2.4041328e-06 3.4574639e-07
29 10 2.8221419e-06 -1.5470401e-06
29 -10 -3.7740765e-08 -2.8657913e-06
29 11 7.4741798e-07 3.8818526e-07
29 -11 -4.5742881e-07 -5.1955842e-07
29 12 -1.2331304e-06 -3.1935813e-07
29 -12 -5.6175736e-07 -2.7862615e-06
29 13 -5.9647542e-07 2.0906557e-06
29 -13 -2.7205663e-07 1.8937228e-06
29 14 1.4737984e-06 1.411124e-06
29 -14 -1.1725062e-06 9.3267387e-07
29 15 1.0625972e-06 2.3931181e-06
29 -15 -2.6142866e-06 1.59123e-06
29 16 -1.0740649e-06 1.2965813e-06
29 -16 -1.5395506e-07 -2.9158467e-07
29 17 -1.9236404e-06 1.229384e-06
29 -17 1.5010953e-06 -1.7933929e-07
29 18 -1.5185995e-06 -7.311018e-07
29 -18 4.7701062e-07 -5.3923916e-07
29 19 -9.3066714e-07 1.3012645e-06
29 -19 1.4109507e-06 -8.5862204e-07
29 20 9.485555e-07 1.1443221e-06
29 -20 2.4297707e-06 3.991301e-07
29 21 -1.0525322e-06 -1.1899446e-06
29 -21 -2.7530744e-07 3.3164305e-07
29 22 -1.0036798e-06 1.2197879e-07
29 -22 2.4198879e-07 8.7821316e-07
29 23 -8.2253571e-07 6.4879084e-07
29 -23 -8.4323098e-07 2.0658976e-06
29 24 -4.1967543e-07 -5.2934234e-07
29 -24 -2.059838e-07 5.5109491e-07
29 25 6.3587967e-07 1.4151072e-07
29 -25 3.9345143e-07 -1.1488519e-07
29 26 -1.1228763e-07 7.528069e-07
29 -26 3.0037393e-08 -1.3376014e-07
29 27 4.6493492e-08 -1.2946627e-07
29 -27 -2.4113603e-07 -9.0153063e-07
29 28 1.7217735e-07 2.9094347e-07
29 -28 -4.5596255e-07 1.2121749e-08
29 29 -4.8221934e-07 -4.1844225e-07
29 -29 4.9296765e-07 7.7996713e-08
30 0 3.050637e-07 -3.6385626e-06
30 1 -3.2440619e-06 1.8528505e-06
30 -1 6.6534541e-06 -4.4466126e-06
30 2 4.9261642e-07 -8.3401647e-08
30 -2 2.0860274e-06 4.3544687e-06
30 3 2.5953873e-06 4.4547011e-06
30 -3 -1.0865768e-06 3.3321573e-06
30 4 1.8941744e-06 -6.099557e-07
30 -4 2.6007188e-06 6.1741651e-07
30 5 5.3278466e-07 1.8740515e-06
30 -5 -2.8815466e-06 2.1773013e-08
30 6 7.1771929e-07 -1.4314161e-06
30 -6 6.5984269e-08 4.9511291e-07
30 7 -1.997759e-06 2.9772455e-07
30 -7 2.5911918e-06 -2.0868684e-06
30 8 6.5890998e-07 -6.8723759e-07
30 -8 6.1966439e-08 -3.6558957e-07
30 9 5.6296527e-07 -7.0678671e-07
30 -9 -2.7004956e-06 1.1061899e-06
30 10 4.0902127e-07 2.7986992e-06
30 -10 -1.9345356e-06 4.7275149e-08
30 11 6.6661619e-08 -9.219777e-07
30 -11 -1.3771821e-07 -1.3128341e-06
30 12 -7.9860708e-08 -9.0703089e-08
30 -12 8.845304e-07 -1.3260535e-06
30 13 5.9308302e-08 1.1067983e-06
30 -13 -1.1901883e-08 -3.807848e-08
30 14 -8.460059e-07 1.9764168e-06
30 -14 -3.47989e-07 2.2106939e-06
30 15 6.7073257e-07 6.8351165e-07
30 -15 6.169601e-07 1.2366263e-06
30 16 1.0077706e-06 -5.2337337e-08
30 -16 -5.2006358e-07 1.5908627e-06
30 17 6.3360085e-07 3.2481464e-07
30 -17 -2.8568523e-07 -1.2743049e-06
30 18 -4.2015459e-07 4.6984965e-07
30 -18 8.6772225e-07 8.9539918e-07
30 19 2.6387681e-07 6.0901249e-07
30 -19 -4.6574486e-10 1.6485485e-07
30 20 1.0536421e-07 -6.7679839e-07
30 -20 3.4610975e-07 6.3236501e-07
30 21 5.3234856e-07 -1.0407983e-07
30 -21 5.7838355e-07 5.3106764e-07
30 22 5.4089637e-07 -5.5220705e-07
30 -22 1.1439306e-07 1.1091959e-07
30 23 -2.3543576e-07 2.3029223e-07
30 -23 8.4314564e-07 -4.9679398e-07
30 24 8.9820019e-08 3.5260483e-07
30 -24 -2.5492491e-07 1.3368507e-07
30 25 -5.1232594e-07 -1.8335788e-07
30 -25 -4.4931288e-07 -3.6542092e-07
30 26 -4.0284009e-08 -2.2910878e-07
30 -26 -2.5327796e-07 5.8474442e-08
30 27 -6.4754505e-08 7.7314163e-08
30 -27 -2.1571962e-07 -4.1639424e-07
30 28 2.4445031e-07 -3.5175585e-07
30 -28 1.4431295e-07 -3.7311265e-08
30 29 -2.5841891e-07 -1.5001403e-07
30 -29 -6.8576396e-08 -8.5707043e-08
30 30 5.6667211e-08 4.055049e-08
30 -30 -2.3697405e-07 6.4741253e-08