   1   0 -6.616366073e-05 0.009389009402
   1   1 5.671633365e-05 -0.00906705882
   1  -1 9.300502911e-06 0.01031941528
   2   0 0.01106183616 0.001157693212
   2   1 -0.007887848391 0.01726680541
   2  -1 0.009311171767 0.008247979915
   2   2 -0.00897006891 0.00185676827
   2  -2 -0.003045465396 -0.01461689342
   3   0 -0.002987950128 -0.001897826821
   3   1 -0.01556678306 -0.01006888827
   3  -1 -0.02297288299 0.01686037934
   3   2 0.000959320606 0.0003138257454
   3  -2 0.01622171828 -0.001818963356
   3   3 0.002721502549 0.009213943005
   3  -3 0.005632588608 -0.001375957326
   4   0 -0.01503867414 -0.006760369933
   4   1 0.01876702269 -0.0001204659074
   4  -1 0.01527443111 -0.01451063076
   4   2 0.002145914605 0.006086464741
   4  -2 0.008353799958 -0.01068528206
   4   3 0.0027269165 -0.01868650004
   4  -3 0.006960365953 0.01543596834
   4   4 0.01418343129 0.004131582843
   4  -4 0.01121700863 0.004001263316
   5   0 -0.009509303099 -0.006388520129
   5   1 -0.0003912218326 0.004360717474
   5  -1 -0.001854145772 -0.01030612449
   5   2 -0.007160681884 0.0002135323031
   5  -2 -0.003735919032 0.01734438198
   5   3 0.0007057744178 -0.001229243771
   5  -3 -0.01103435642 -0.002759419448
   5   4 -0.002133904837 0.009407411048
   5  -4 0.008259292027 -0.008073004435
   5   5 0.008834080358 -0.001804175779
   5  -5 0.00496086081 0.001385127053
   6   0 0.006223162173 0.003163085296
   6   1 0.0114832695 -0.0005412239736
   6  -1 0.002014434523 0.009995686466
   6   2 0.003149893051 0.004231618455
   6  -2 0.005828196283 0.001870851293
   6   3 -0.0003033323322 0.00669387561
   6  -3 -0.00125610712 -0.0005541656658
   6   4 -0.00367178462 0.004696740566
   6  -4 0.004368007465 -0.00174856303
   6   5 -0.0005931706925 -0.0004433376932
   6  -5 0.000143959512 -0.002323146781
   6   6 0.001309774314 0.0002964120735
   6  -6 0.001537975503 0.005489922706
   7   0 -0.002058969769 0.0001365861212
   7   1 0.001323781365 0.008094812645
   7  -1 0.006482661147 0.001558251177
   7   2 -0.01309858115 0.001111315856
   7  -2 -0.001715187665 0.0009498989848
   7   3 0.00302984889 0.006272437161
   7  -3 0.004682813682 -0.009116993022
   7   4 0.002008623605 -0.004394427666
   7  -4 0.0005066503253 -0.004207099447
   7   5 0.0009160314404 0.0005029122915
   7  -5 -0.001717514175 0.004005215743
   7   6 -0.001143596074 0.002057510862
   7  -6 0.001898463674 0.004457233679
   7   7 0.0005233896726 -0.001157150796
   7  -7 -0.003014206198 -0.004016789275
   8   0 0.001124599617 0.003990040957
   8   1 -0.006118414614 -0.007511549274
   8  -1 -0.008300840708 0.00353167052
   8   2 -0.004174180055 0.0035942996
   8  -2 0.008144087459 0.001337501837
   8   3 0.00603436917 -0.005257750538
   8  -3 0.005014641778 -0.004665138241
   8   4 3.151401404e-05 0.0004530248486
   8  -4 -0.0005096396074 0.004612691298
   8   5 5.602009666e-05 0.001572667317
   8  -5 -0.0005124861612 0.001255073613
   8   6 -0.006062286723 0.0001421603185
   8  -6 0.003886465834 -0.001282138673
   8   7 -0.001025697279 0.001107247096
   8  -7 -0.002937856759 0.004398962321
   8   8 -0.005390731947 0.004759784684
   8  -8 0.0009330433304 -0.001548356342
   9   0 0.004353871895 0.003601938336
   9   1 -9.199544135e-05 0.008103035464
   9  -1 0.01219551871 -0.005529185446
   9   2 -0.006648940871 0.002791546854
   9  -2 -0.0005088634829 -0.004750988221
   9   3 -0.0006482697188 0.005066025815
   9  -3 -0.002536743466 -0.001918352261
   9   4 0.0009272718085 0.002419125493
   9  -4 0.004291722563 -0.004114643317
   9   5 0.002205889398 -0.001621214149
   9  -5 -0.002457409135 -0.001978824285
   9   6 0.001842091612 -0.00220412455
   9  -6 0.0007555080786 0.0008998672449
   9   7 -0.004512032728 0.002379346117
   9  -7 0.00159210079 0.001027361829
   9   8 0.0001150133054 0.0006732114416
   9  -8 -0.002006860888 -0.002071532445
   9   9 -0.002648239192 0.002541779184
   9  -9 0.0001330356934 5.501170555e-05
  10   0 -0.003962485441 0.003499201492
  10   1 -0.008698559228 -0.0002464314493
  10  -1 -0.001106844013 -0.003128944516
  10   2 -0.001619718937 0.006501247086
  10  -2 0.003077932581 0.002749135834
  10   3 0.005500350175 0.003085648453
  10  -3 0.0005684901921 0.002020555131
  10   4 0.006257688433 -0.003615786192
  10  -4 -0.001339666266 0.001086299325
  10   5 -0.0003604061037 -0.001339462382
  10  -5 -0.001877566843 0.004749426121
  10   6 -0.0002471288974 0.0007271411562
  10  -6 -0.0003319791039 -0.000852797501
  10   7 -0.001795968076 -0.0003543719959
  10  -7 -0.0008395074388 -0.004525520584
  10   8 -0.003837353562 -0.002783551443
  10  -8 0.0014088846 0.0008167428662
  10   9 -0.0006740950623 0.002030694752
  10  -9 -0.001244332367 0.0005176681053
  10  10 -0.001874808979 0.001397427283
  10 -10 -0.003600050384 0.00183610202
  11   0 0.001641846635 0.003196485579
  11   1 0.001239214459 0.002258656388
  11  -1 0.00316929505 -0.001910574277
  11   2 -0.00167136903 -0.0004502625402
  11  -2 0.0008431709843 -0.003827936676
  11   3 0.002691455565 -0.001688396072
  11  -3 -0.0007465154808 0.0005513314164
  11   4 -0.001923485774 -0.002542652922
  11  -4 -0.0004193053161 -0.0008368235357
  11   5 -0.0006491039742 0.002403892645
  11  -5 4.136970089e-05 -0.002189021378
  11   6 -0.0003719551546 -6.328744729e-05
  11  -6 -0.001666962095 -0.001623756546
  11   7 0.001662283927 -0.00171194959
  11  -7 0.0008806140177 -7.221408981e-05
  11   8 0.0009273071867 -0.0002034366932
  11  -8 0.0007072741318 -0.0003342879918
  11   9 -0.002034882074 -0.002436220674
  11  -9 -0.001156810717 -0.001222915419
  11  10 0.001305799376 0.001498160964
  11 -10 0.0007944318829 -0.0001799346175
  11  11 -0.003018470033 -0.0009792095104
  11 -11 0.00134602955 0.001410513373
  12   0 0.001058390064 0.001121927465
  12   1 -0.005306848003 0.0002400112171
  12  -1 0.0001082311267 -0.002236624122
  12   2 -0.0007548180774 0.001508568589
  12  -2 0.004926487478 -0.0002464246118
  12   3 0.004311216553 0.003428057217
  12  -3 0.0009228737847 -0.0007933648749
  12   4 0.001076663358 0.0005322230712
  12  -4 -0.00327562405 -0.001523471156
  12   5 -0.001955349698 0.00185412281
  12  -5 6.862786925e-05 -0.002723255295
  12   6 -0.0005904925129 0.001508553102
  12  -6 -0.0003599250591 0.002535314351
  12   7 0.0004572983893 0.001474657583
  12  -7 -0.0003824165703 -0.000585894317
  12   8 0.0005215615456 -0.0007606264858
  12  -8 -0.000208100792 -0.0007949123544
  12   9 0.0008613512108 -0.0001679085167
  12  -9 -0.0003175209527 -0.001336276035
  12  10 0.0002248846194 0.001765083515
  12 -10 -0.0003064108994 0.0009669176356
  12  11 -0.001505927945 -8.403383164e-05
  12 -11 -0.001018357491 0.0004509523428
  12  12 0.0004743273548 0.001131648216
  12 -12 0.0002271831536 -0.0008093858236
  13   0 -0.001630390956 0.006062940197
  13   1 -0.002119211648 -0.001931064885
  13  -1 0.001903554946 -0.0001627596351
  13   2 0.0001325234742 0.001147299759
  13  -2 0.0005088688251 -0.004209072951
  13   3 -9.707556936e-05 -0.0008311198388
  13  -3 -0.003020571394 0.0003534962764
  13   4 -0.0004098724237 -0.001968117125
  13  -4 -0.00101814695 -0.00157684294
  13   5 0.001379542122 0.0004965471985
  13  -5 0.002148397757 0.0004824373505
  13   6 -3.029416597e-05 0.0005776759537
  13  -6 0.001081642865 -0.0002374953917
  13   7 0.0001863138289 -0.0002494149395
  13  -7 0.0009828539299 -0.001595671543
  13   8 -4.913180161e-06 -0.000345237506
  13  -8 6.169479341e-05 -0.0001131907173
  13   9 0.0007681098816 0.001367456245
  13  -9 0.0001028366484 0.0009777609648
  13  10 0.0003475195635 -0.0005755245782
  13 -10 -0.0006884258657 -0.0004971053629
  13  11 -0.0005962545926 0.0006941716034
  13 -11 3.217274918e-05 -0.0006343437524
  13  12 7.286640412e-05 0.0002574480719
  13 -12 -0.002074064555 -0.0007296599172
  13  13 0.0007793914011 0.0003449453071
  13 -13 -0.0002576703 3.356894273e-05
  14   0 -0.0008151695685 0.0006801070579
  14   1 -0.002409465916 -1.323272498e-05
  14  -1 -0.001060830736 0.0007957077484
  14   2 0.00158834429 -0.0005161776424
  14  -2 0.003538794348 -0.003900344903
  14   3 0.00197576476 -0.002114506755
  14  -3 -0.002309037892 -0.0003509875849
  14   4 0.0009828557792 0.000860843687
  14  -4 -0.001529476981 0.0003106337398
  14   5 -2.493711134e-05 -0.001215016074
  14  -5 -0.000184300001 -0.0006496388681
  14   6 0.0003226418971 -0.001748147559
  14  -6 0.0008856281993 0.0001202267358
  14   7 -0.001727170242 0.0009338262719
  14  -7 0.0009772334867 0.0003420481591
  14   8 -0.0002333820433 -0.0004788935889
  14  -8 2.257026285e-05 -0.0002130844776
  14   9 -0.00118995618 0.0009638954291
  14  -9 4.24243893e-05 0.0009940362955
  14  10 -0.0003855826448 -0.001227500018
  14 -10 -0.0008715214619 -0.0008855357571
  14  11 0.001558291747 0.0004581568921
  14 -11 0.0004453921338 0.0009977736973
  14  12 -0.0002727693609 0.0002066786956
  14 -12 3.071388512e-05 0.001045365428
  14  13 -0.0004741765828 4.935888385e-05
  14 -13 0.000857243944 -0.0002605766307
  14  14 -0.0001447052611 -0.0009156582417
  14 -14 0.0002699591682 -0.0005204877586
  15   0 -0.001675548464 0.003116705632
  15   1 -0.0009845648149 -0.00102737117
  15  -1 0.001331899595 -0.0004820170067
  15   2 0.000686303625 -0.001061133608
  15  -2 0.0008128046924 -0.003203130852
  15   3 -5.488852106e-06 0.0004140386299
  15  -3 -0.002231964193 0.0004917450096
  15   4 -4.901803064e-05 0.0002688051118
  15  -4 -0.0004420838965 0.000315886111
  15   5 0.001441586369 -0.0004349507563
  15  -5 -0.0006793239196 0.0002992300878
  15   6 0.0004126895667 0.001720916954
  15  -6 -0.0003077177127 0.0003232407642
  15   7 -0.0003123547655 0.0005567637263
  15  -7 -0.0007313981051 0.0009320933841
  15   8 -0.0008672683284 0.0001320681066
  15  -8 -2.609904854e-05 -1.665452174e-05
  15   9 0.0002139648835 0.0003056306848
  15  -9 0.0005196137579 -0.0001810976046
  15  10 6.909577514e-05 0.0004998946934
  15 -10 2.010540722e-05 0.0009974425439
  15  11 -0.0001968985123 -0.0004537483868
  15 -11 -0.0005566845743 -5.387022049e-05
  15  12 0.0003194146695 -3.056820209e-05
  15 -12 5.547646647e-05 0.000379264806
  15  13 -9.436484608e-05 -2.777037498e-05
  15 -13 0.0003580433484 0.0002175546447
  15  14 0.0005621924692 0.0002935847011
  15 -14 -0.0006218000255 0.0006291089506
  15  15 -0.0003024821362 2.930410155e-05
  15 -15 -9.706001954e-05 -5.699120121e-06
  16   0 -0.001928692752 0.001859183661
  16   1 -0.001745206074 0.001022555298
  16  -1 0.0004479025067 0.00107437264
  16   2 0.0005372629561 0.001208433337
  16  -2 0.001719566544 -0.003076218375
  16   3 -0.0004186569849 -0.0005923222831
  16  -3 -0.001654657681 0.0008238843503
  16   4 -0.0003120066498 9.519544603e-05
  16  -4 -0.0006637164793 0.0004000876981
  16   5 -0.000387692182 -0.0001233907507
  16  -5 -0.0005683570323 -0.0003568763023
  16   6 0.0001627534933 4.422353236e-05
  16  -6 6.916009612e-05 -0.0008592791013
  16   7 0.0007426354132 0.0001072292396
  16  -7 -0.0004102962013 0.0003676414931
  16   8 -0.0002137037929 0.000427293841
  16  -8 -2.464750668e-05 0.0002475680553
  16   9 0.0001893890531 -0.0003900564744
  16  -9 0.0001650724851 -0.0001476708898
  16  10 0.0002164814648 0.0003069942976
  16 -10 -0.000120728305 1.054357444e-05
  16  11 -0.0001442249516 -0.0003879122704
  16 -11 0.0001703028782 -0.0001799636367
  16  12 2.840630252e-05 -0.0002593572696
  16 -12 0.0001052748868 -0.0004701716494
  16  13 0.0003410359871 -0.0001659741018
  16 -13 -0.0001105927587 0.0004431263477
  16  14 -0.0003072862049 0.0001231241296
  16 -14 -0.0001349306166 -0.000515602513
  16  15 0.0002390163079 -0.0004099952003
  16 -15 0.0001366292593 0.0005567880515
  16  16 -3.735067889e-05 0.0003284958295
  16 -16 -0.0001171703636 0.0001642195795
  17   0 -0.002096973379 0.001702930634
  17   1 -0.001310665135 0.0002762049137
  17  -1 0.0007937937978 0.0004745338793
  17   2 0.001405656915 0.0002298743766
  17  -2 0.0005965559134 -0.001629949332
  17   3 -0.0001608008498 0.000301732759
  17  -3 -0.0007918044797 0.0002573979024
  17   4 0.0002277371426 0.000954503419
  17  -4 -0.0007830576205 0.0002904960283
  17   5 0.000715393243 -0.0002566472154
  17  -5 -0.0002969602555 -0.0005269704594
  17   6 3.36519006e-05 0.0003073887992
  17  -6 -0.0001740715407 0.0002368546848
  17   7 -8.523689538e-05 0.0002795141162
  17  -7 -0.0004649531303 -6.757729246e-05
  17   8 -0.0001351297994 0.000316342067
  17  -8 -0.0001168091295 -0.0004128022804
  17   9 -7.824839601e-05 8.20762896e-05
  17  -9 -9.923156878e-05 -3.022339659e-05
  17  10 -2.717410091e-05 -0.0001647376094
  17 -10 9.958613483e-05 -0.0005853345591
  17  11 0.0003162597767 0.0002340249541
  17 -11 0.0004123137138 0.0001967131809
  17  12 -0.0002674571669 0.0001046729294
  17 -12 6.406851986e-05 -0.0001332956974
  17  13 0.0001265398605 -5.924540067e-05
  17 -13 -2.918451617e-05 -0.0002611832164
  17  14 -0.0002710408027 5.14194908e-05
  17 -14 6.321211086e-05 0.0002507488325
  17  15 0.0002848130979 -0.0001648275536
  17 -15 0.0001026064066 -0.0001688285973
  17  16 -5.585911676e-05 1.480759118e-06
  17 -16 3.263400349e-05 -0.00014976944
  17  17 -0.0001635090643 -0.0002641542239
  17 -17 9.251805324e-05 -5.312675945e-05
  18   0 -0.001666624519 0.0003031628697
  18   1 -0.0008190205089 0.0005740410306
  18  -1 0.0002861455832 0.0001862535813
  18   2 0.0007871951808 -0.000181056443
  18  -2 0.0009197072398 -0.00135337063
  18   3 -0.001412050984 -0.0003938620068
  18  -3 0.0001104231645 -0.0003726741678
  18   4 -0.0002970650694 -3.276026789e-05
  18  -4 0.0005463807773 -0.0001620571634
  18   5 0.000386357588 -0.0009633136675
  18  -5 -0.0002024020047 -2.463972942e-05
  18   6 -3.186459035e-05 0.0001469630547
  18  -6 -0.0001317997597 -0.0002081165147
  18   7 -0.0003639291172 5.777574203e-06
  18  -7 -0.0001685018167 -3.111467836e-06
  18   8 -9.940928584e-05 -0.0002062560988
  18  -8 -9.856647833e-05 -0.0002096459948
  18   9 -8.644349203e-05 -4.12754861e-05
  18  -9 0.0001172605845 0.0005516973357
  18  10 0.0001046895651 0.0001053438122
  18 -10 3.54850677e-05 -0.0001157745353
  18  11 -0.0002038674234 6.018471312e-05
  18 -11 -0.0004838873762 -8.616663216e-05
  18  12 -2.149746704e-05 -6.076118986e-05
  18 -12 6.568013677e-05 0.0001109315245
  18  13 2.884079651e-05 2.243222778e-05
  18 -13 2.358653816e-05 -1.799507621e-06
  18  14 -9.98697957e-05 1.050223879e-05
  18 -14 0.0001037966153 0.0001380648573
  18  15 -6.585515151e-05 -2.095945565e-05
  18 -15 -4.628547132e-05 -7.058129165e-05
  18  16 -3.248817986e-05 9.033441137e-06
  18 -16 -0.0001410431601 -0.0001416552449
  18  17 -7.192812564e-05 9.032861554e-05
  18 -17 -1.337991214e-05 -9.262038956e-05
  18  18 3.519038218e-05 0.0001626092782
  18 -18 -0.0001547242016 -8.405444648e-05
  19   0 -0.001245739962 8.902596882e-05
  19   1 -0.0003663663198 0.0004683921168
  19  -1 0.0005274555752 -0.0002445201507
  19   2 0.0007470636559 -0.0002535140956
  19  -2 0.0002214232518 -0.0003766666036
  19   3 -1.754397825e-05 0.0008040915446
  19  -3 -0.0001671760401 -0.0002797495243
  19   4 -7.777129286e-06 -0.0003673197766
  19  -4 -0.0004714932707 0.0001358614573
  19   5 0.0003213961764 -0.0001846661306
  19  -5 -0.0004615977973 -0.0001916087622
  19   6 -0.0001339845478 4.952951217e-05
  19  -6 -0.0002325016509 -6.791137618e-05
  19   7 -1.411947821e-05 6.143745507e-05
  19  -7 4.602475258e-05 -1.22597841e-05
  19   8 -9.836468602e-05 0.0002116821306
  19  -8 -4.421556042e-05 4.545127768e-05
  19   9 -0.0001612530584 -1.981611284e-05
  19  -9 0.000212457709 -0.0001559145494
  19  10 8.419044514e-06 -8.738678075e-06
  19 -10 9.139823836e-05 0.0001139415363
  19  11 -8.295007223e-05 0.0001719773235
  19 -11 -0.0001316337082 -1.400993376e-05
  19  12 2.372234292e-05 -0.0001352313531
  19 -12 2.73888987e-05 1.812446231e-05
  19  13 1.946370634e-05 8.143348427e-05
  19 -13 2.373195838e-05 9.459447779e-05
  19  14 4.848436059e-05 2.152253837e-05
  19 -14 1.248069603e-05 -0.0001195017425
  19  15 1.283276118e-05 -3.55694169e-05
  19 -15 8.124892886e-05 -6.951439411e-05
  19  16 -8.964251476e-05 -6.741839697e-05
  19 -16 -0.0001460962066 -2.533403768e-05
  19  17 1.885772428e-05 0.0001154639461
  19 -17 0.0001344541221 4.005120567e-05
  19  18 5.222691523e-06 6.11256869e-05
  19 -18 -0.000148490224 -0.0001100776147
  19  19 -6.50169468e-05 3.372006877e-05
  19 -19 -3.530537198e-05 4.498342644e-05
  20   0 -0.0007636744777 0.0003544954011
  20   1 -0.0004682039772 0.000429351577
  20  -1 -4.447981327e-05 0.0001405463142
  20   2 0.0002736020071 1.292078382e-06
  20  -2 0.0002330948139 -0.0005387415661
  20   3 -0.0004414568515 -0.00032088611
  20  -3 5.871456831e-05 -0.0003261383767
  20   4 -0.0005352361887 -1.987640399e-05
  20  -4 0.0002724513225 -3.113299035e-05
  20   5 0.0001611836665 -4.018900034e-05
  20  -5 -0.0001378319181 0.0002160344391
  20   6 -0.000120162148 0.000194375225
  20  -6 6.825877898e-05 0.000217628935
  20   7 -5.293732522e-05 9.342776701e-05
  20  -7 -0.0002100777281 -2.049949425e-05
  20   8 -0.000178923725 2.420408996e-05
  20  -8 1.021131396e-05 8.872942496e-06
  20   9 -6.08887151e-05 -6.110397404e-05
  20  -9 -8.387552364e-05 -0.0002003876215
  20  10 -9.315834369e-05 -2.239654628e-05
  20 -10 -1.805211458e-05 5.297884925e-05
  20  11 7.678185255e-05 -4.906391592e-05
  20 -11 0.0001653195681 -7.18130718e-05
  20  12 -8.914779032e-05 -1.78457221e-05
  20 -12 -2.988403474e-05 3.797092798e-05
  20  13 -4.542236135e-05 2.237583949e-05
  20 -13 -6.054544134e-05 -5.66988165e-05
  20  14 -9.860443639e-06 2.99661995e-07
  20 -14 -0.0001386026158 -2.482174403e-05
  20  15 -5.436022281e-05 -9.238807601e-05
  20 -15 -8.172213567e-05 -1.492452746e-05
  20  16 -1.085956066e-05 2.293989905e-05
  20 -16 2.358463341e-05 -5.04190372e-05
  20  17 6.778597366e-05 -3.968818866e-05
  20 -17 -4.414016069e-05 5.036978139e-05
  20  18 -6.981441246e-05 -6.073908711e-05
  20 -18 3.471699389e-05 9.225030686e-05
  20  19 -6.15074119e-05 1.351130248e-05
  20 -19 3.010771014e-05 3.519711859e-05
  20  20 2.60141607e-07 -3.71780595e-05
  20 -20 4.142556899e-06 7.445378231e-05
  21   0 -0.000584540356 9.35908032e-05
  21   1 -0.0002636497896 0.000544911177
  21  -1 0.0002657894197 1.830312884e-05
  21   2 0.0003701367691 -6.340237626e-05
  21  -2 0.0002763249511 -0.0002619244952
  21   3 -1.533971364e-05 0.000313412133
  21  -3 8.596569005e-05 -0.0001509483799
  21   4 -4.449370873e-05 0.0001392739624
  21  -4 5.205227033e-05 -4.854443847e-05
  21   5 -3.175333784e-05 7.310493627e-05
  21  -5 2.363740576e-06 8.171119793e-05
  21   6 -9.960301743e-05 4.763592213e-05
  21  -6 -3.074726651e-05 -8.980441477e-05
  21   7 5.980334656e-05 -0.0001214607497
  21  -7 -6.124198264e-05 -3.957655145e-05
  21   8 -0.0001246871386 0.000122259214
  21  -8 -0.000120025494 2.606734714e-05
  21   9 2.352016768e-05 4.911479343e-05
  21  -9 -8.975395199e-05 8.461664058e-05
  21  10 -5.443312004e-05 -7.858447663e-05
  21 -10 -2.875988478e-06 5.005103326e-05
  21  11 6.26347231e-05 -7.744746139e-06
  21 -11 4.86348206e-05 2.394959101e-05
  21  12 3.130807368e-05 5.37410924e-05
  21 -12 6.799390934e-07 1.566802515e-05
  21  13 -8.729164113e-06 2.141898722e-05
  21 -13 4.448944444e-05 -1.618071067e-05
  21  14 6.382597386e-05 -3.680673514e-05
  21 -14 -1.260643189e-05 4.82612027e-05
  21  15 -9.645358141e-06 4.028248664e-05
  21 -15 -6.238441923e-05 -8.357090984e-06
  21  16 6.01472989e-06 3.331828742e-05
  21 -16 6.280673752e-05 1.587335166e-05
  21  17 4.442382349e-05 -4.738569619e-05
  21 -17 1.763818216e-05 1.442021141e-06
  21  18 -2.269570126e-05 -4.0343913e-05
  21 -18 6.300364419e-05 2.760417379e-05
  21  19 -1.583844246e-05 3.612398459e-06
  21 -19 -8.153258516e-06 7.858222834e-06
  21  20 -6.110508927e-05 -3.396481286e-05
  21 -20 -2.009378936e-05 1.06712676e-05
  21  21 1.429012141e-05 2.335382905e-05
  21 -21 2.288203276e-06 3.961752645e-06
  22   0 -0.0004937470663 2.477079355e-05
  22   1 -8.897105995e-05 0.0002047258357
  22  -1 -0.0001566901516 6.892299714e-05
  22   2 0.0001508647401 -0.0002368934567
  22  -2 4.942792184e-05 5.946761911e-05
  22   3 -0.0002649400706 -8.342093199e-06
  22  -3 0.0001089717314 -0.0002538319032
  22   4 -9.058997106e-05 9.344029945e-05
  22  -4 2.332783727e-05 9.161102059e-05
  22   5 3.992597331e-05 -0.0001587937594
  22  -5 1.027276689e-05 -5.607834515e-06
  22   6 9.337853166e-05 -0.0001056136737
  22  -6 -1.8936362e-05 -4.017363705e-05
  22   7 -7.326036598e-05 -9.803497723e-05
  22  -7 -5.798296295e-05 -0.0001146570888
  22   8 -9.16449786e-05 5.832108526e-05
  22  -8 -6.94801426e-05 -3.204099075e-05
  22   9 3.181122227e-05 -2.717297494e-05
  22  -9 -2.435003789e-05 5.812068211e-05
  22  10 6.844665471e-06 -3.087090141e-05
  22 -10 2.927420703e-05 1.854854656e-05
  22  11 -6.691711043e-05 -4.529283703e-06
  22 -11 1.186000119e-05 -1.431066537e-05
  22  12 -6.06149962e-06 1.215998284e-05
  22 -12 4.845606855e-05 -3.854515408e-05
  22  13 -3.743158115e-06 3.563586536e-06
  22 -13 1.594353595e-06 2.139730418e-05
  22  14 2.629515615e-05 8.892144134e-06
  22 -14 5.586475021e-05 -1.499436371e-06
  22  15 -2.804724757e-06 -4.758372886e-06
  22 -15 6.559819189e-05 1.589036816e-05
  22  16 2.915278757e-05 7.127270988e-06
  22 -16 3.125286592e-05 3.060964387e-06
  22  17 -2.626360712e-05 4.123029518e-05
  22 -17 9.688390091e-06 -7.682581555e-06
  22  18 9.523098696e-06 3.020126841e-05
  22 -18 -2.696254208e-05 2.893486011e-05
  22  19 -1.42426457e-06 1.747983726e-05
  22 -19 -2.062998428e-05 -3.550975246e-05
  22  20 -2.64465334e-05 3.563022009e-05
  22 -20 -5.761976092e-06 1.206069377e-05
  22  21 8.222798465e-06 2.449564019e-05
  22 -21 1.975646012e-06 7.367050319e-06
  22  22 -2.479139309e-05 -1.339157206e-05
  22 -22 -2.925562302e-06 -7.391259536e-06
  23   0 -9.375544248e-05 -0.0001053239773
  23   1 2.789101994e-05 0.0002660708358
  23  -1 2.186317781e-05 6.484892331e-05
  23   2 0.0001246086923 -6.878627956e-05
  23  -2 7.80787164e-05 -1.079141511e-05
  23   3 -6.611446866e-05 0.0002036316513
  23  -3 6.952709681e-05 -8.389182292e-05
  23   4 5.641122461e-05 -0.0001066508994
  23  -4 -3.992490754e-05 6.669686469e-05
  23   5 -5.568884985e-05 1.884312841e-05
  23  -5 -2.477444339e-05 -2.312738536e-05
  23   6 9.660609118e-06 -1.815379467e-06
  23  -6 -3.521034058e-05 6.282237235e-05
  23   7 -8.130673104e-05 1.395482248e-05
  23  -7 -2.966106287e-05 -7.248628855e-05
  23   8 -4.831884986e-07 1.188513258e-05
  23  -8 3.693171269e-05 -7.210674593e-05
  23   9 1.738197655e-05 -5.996959969e-06
  23  -9 -4.074643737e-05 -1.425504052e-05
  23  10 -1.860683622e-05 5.964720501e-06
  23 -10 5.304386139e-05 1.407549508e-05
  23  11 9.088539722e-06 2.775201728e-05
  23 -11 4.990969285e-06 2.630037729e-06
  23  12 -2.538474374e-05 7.524408727e-06
  23 -12 -4.469080954e-05 -2.842483559e-05
  23  13 -2.307949471e-05 -2.655844914e-06
  23 -13 -3.876870432e-05 -1.408962398e-05
  23  14 9.248834009e-06 4.901624619e-05
  23 -14 -1.531031213e-05 3.356461934e-06
  23  15 -1.067406502e-06 5.294315735e-06
  23 -15 2.140632583e-05 1.624939173e-05
  23  16 -7.050119294e-07 -2.555578791e-06
  23 -16 1.31773078e-06 -3.588870057e-06
  23  17 -3.172447159e-05 3.015741597e-05
  23 -17 -4.233649232e-06 -1.555133693e-05
  23  18 -1.12605937e-05 -7.165138764e-06
  23 -18 -1.184667696e-05 1.368438864e-06
  23  19 1.465336794e-05 -1.161629819e-06
  23 -19 8.950901605e-07 1.546051371e-05
  23  20 2.030724547e-05 2.131292049e-06
  23 -20 -2.052931705e-05 -7.440348412e-06
  23  21 -1.280009919e-05 5.269762932e-06
  23 -21 -2.169285548e-05 1.762966087e-05
  23  22 -6.963696771e-06 2.65284829e-06
  23 -22 1.91356593e-05 -4.357722361e-06
  23  23 -1.087702966e-06 1.047357018e-05
  23 -23 1.973647252e-06 8.32614199e-06
  24   0 -9.685147432e-05 -8.775135121e-05
  24   1 -0.0001257218223 0.0001159721097
  24  -1 -5.86064187e-05 0.0001024475755
  24   2 3.32043728e-05 -8.311502974e-05
  24  -2 -3.971197912e-05 1.524826643e-05
  24   3 -4.685692777e-05 6.20738296e-05
  24  -3 3.120202334e-05 -6.99952969e-05
  24   4 -5.073714541e-05 4.591159262e-05
  24  -4 -2.003545649e-05 2.862216898e-05
  24   5 -3.313233134e-05 3.857494414e-05
  24  -5 -4.193199441e-07 2.917901299e-05
  24   6 -4.148279316e-05 -2.048089345e-05
  24  -6 4.261102012e-05 9.211005444e-06
  24   7 3.298105531e-05 -9.720370166e-06
  24  -7 -3.895723717e-06 -2.583266503e-05
  24   8 6.909855721e-06 1.761190712e-06
  24  -8 2.495246387e-05 -1.70067015e-05
  24   9 1.5021989e-05 -5.615663171e-06
  24  -9 8.483706455e-06 -6.627668819e-06
  24  10 -2.645117422e-05 4.107841923e-06
  24 -10 -7.224265811e-06 4.247240417e-05
  24  11 9.549365039e-06 1.072722068e-06
  24 -11 2.891936098e-05 4.62078966e-06
  24  12 2.098839492e-05 -4.00442443e-05
  24 -12 -5.358375987e-06 1.349744687e-05
  24  13 1.498651066e-05 -1.296409974e-05
  24 -13 9.2418496e-06 2.177438365e-06
  24  14 -1.684481827e-05 -1.152743467e-05
  24 -14 -2.399909752e-05 5.812039329e-06
  24  15 -1.346851514e-06 7.402160083e-06
  24 -15 -2.005161752e-05 -9.603559979e-06
  24  16 1.054363579e-05 -1.356907047e-05
  24 -16 -1.98566872e-05 2.112204469e-06
  24  17 6.888853343e-06 -4.710788059e-06
  24 -17 1.368577239e-05 1.271934501e-05
  24  18 1.509567315e-06 -1.492648445e-05
  24 -18 1.502955545e-05 8.157008115e-06
  24  19 5.207529368e-06 -5.925356878e-06
  24 -19 -3.555688486e-06 6.506860859e-06
  24  20 -7.512734934e-06 -3.506112325e-06
  24 -20 3.944531224e-07 4.247762768e-06
  24  21 8.332248109e-06 -2.718768535e-06
  24 -21 -9.713195855e-06 6.303603578e-06
  24  22 3.217444663e-06 9.92616931e-06
  24 -22 2.662890049e-06 1.189490833e-05
  24  23 1.147434308e-05 1.219491981e-06
  24 -23 -1.486742984e-05 -1.350217403e-06
  24  24 5.206788689e-06 -1.883999607e-06
  24 -24 -1.392372272e-06 2.150209964e-06
  25   0 -1.542456532e-05 -4.388931851e-05
  25   1 2.562824326e-06 4.860562291e-05
  25  -1 -1.079267993e-05 1.893220982e-05
  25   2 3.38405785e-05 2.764903084e-06
  25  -2 2.419562122e-05 -3.158535343e-05
  25   3 3.982791237e-05 3.20230564e-05
  25  -3 2.164269262e-05 -5.882163559e-05
  25   4 -4.159680219e-07 -1.489401598e-05
  25  -4 -2.729341468e-05 1.624883956e-05
  25   5 -2.123001182e-05 6.74623542e-06
  25  -5 3.594860659e-05 2.624709964e-05
  25   6 3.283364284e-05 -1.668986941e-05
  25  -6 3.052726019e-05 2.425420372e-05
  25   7 3.000542381e-05 2.223202542e-06
  25  -7 1.28636228e-05 -9.172087332e-06
  25   8 7.137884504e-06 -7.161118858e-06
  25  -8 -1.919667748e-06 -4.596162586e-05
  25   9 -1.556580148e-05 6.897251041e-08
  25  -9 -3.017482035e-05 9.12599144e-07
  25  10 -2.388292368e-05 3.352097627e-06
  25 -10 -2.186689975e-05 -9.067400243e-06
  25  11 1.737810022e-05 -2.332814794e-06
  25 -11 -1.025669067e-05 5.005767587e-06
  25  12 7.558259628e-06 -4.468695966e-06
  25 -12 5.359160144e-06 1.143367601e-05
  25  13 -2.326902084e-06 2.739465054e-05
  25 -13 1.674602315e-05 1.491182458e-05
  25  14 -9.358371823e-06 -1.633488833e-05
  25 -14 -5.749525575e-06 -1.587938909e-06
  25  15 3.021166127e-06 -2.117863136e-06
  25 -15 -1.044591197e-06 -1.825223912e-05
  25  16 -3.477649215e-06 1.576703112e-06
  25 -16 -1.150938102e-05 8.538715062e-06
  25  17 -1.086827314e-06 -1.343052133e-06
  25 -17 5.310937446e-06 6.421726777e-06
  25  18 1.259913411e-05 -2.189291584e-06
  25 -18 5.131717649e-06 5.471496311e-06
  25  19 5.477599142e-06 3.342702997e-06
  25 -19 -2.025449798e-06 -9.919444699e-06
  25  20 -4.562944443e-06 1.03842e-07
  25 -20 1.941655694e-05 -2.907894604e-06
  25  21 7.545353283e-06 -1.013773728e-06
  25 -21 9.632964225e-07 1.115015177e-06
  25  22 5.538273188e-06 1.18898701e-06
  25 -22 -6.474260566e-06 3.091530432e-06
  25  23 2.479777586e-06 5.979759787e-06
  25 -23 -4.733998397e-06 -5.627450665e-07
  25  24 -7.142061439e-07 -8.025946219e-06
  25 -24 -7.816027865e-06 1.575769365e-06
  25  25 3.834469617e-06 1.983672425e-06
  25 -25 -1.020374211e-06 -2.982316324e-06
  26   0 -1.797445566e-05 -6.254696448e-05
  26   1 -2.028981645e-05 6.124400516e-05
  26  -1 -2.725657453e-05 1.834761652e-05
  26   2 -9.270201465e-06 -3.016362609e-05
  26  -2 -4.473072769e-05 1.104366528e-05
  26   3 -2.764579502e-05 4.797040955e-06
  26  -3 3.345049711e-05 -2.053846274e-05
  26   4 -7.875479498e-06 1.257686028e-05
  26  -4 -1.014946228e-05 9.02344494e-06
  26   5 -1.856015166e-05 1.500487224e-05
  26  -5 1.645945628e-05 1.177901157e-05
  26   6 -1.075380761e-06 -3.035146764e-07
  26  -6 2.441726207e-06 1.91113968e-05
  26   7 3.25419639e-06 -9.946108213e-07
  26  -7 -8.799609537e-06 1.313323214e-06
  26   8 -5.027610177e-06 -9.645805868e-06
  26  -8 -2.016729895e-05 3.362575224e-06
  26   9 1.283929595e-06 8.680215329e-06
  26  -9 -1.656314627e-05 3.749121067e-06
  26  10 -3.026278051e-08 -6.808117109e-06
  26 -10 -1.150927513e-06 -1.206857524e-05
  26  11 -1.54711346e-05 8.894342441e-07
  26 -11 5.132181403e-07 1.46080041e-06
  26  12 5.115154766e-06 1.168873806e-05
  26 -12 5.184356012e-06 -3.716531807e-06
  26  13 7.532132313e-06 3.937905825e-06
  26 -13 -4.618223488e-06 6.64690428e-06
  26  14 1.866677184e-05 -1.325189153e-06
  26 -14 1.239808549e-05 7.227430773e-07
  26  15 1.425044426e-05 1.466476382e-06
  26 -15 1.223130609e-05 1.469277281e-05
  26  16 -1.997943263e-06 8.453351384e-06
  26 -16 6.123988972e-06 1.350391293e-05
  26  17 -4.99610335e-06 2.908499773e-07
  26 -17 -3.614505139e-06 -7.639433108e-07
  26  18 5.581962393e-06 2.304838111e-06
  26 -18 3.59661412e-07 -8.116430892e-06
  26  19 -1.169164606e-06 5.959240663e-06
  26 -19 -1.020038005e-06 -1.044801025e-06
  26  20 8.525571523e-06 -2.029152646e-06
  26 -20 3.149171374e-06 -1.92077203e-06
  26  21 2.098263449e-06 -5.606280235e-06
  26 -21 3.820159507e-06 -3.742362311e-06
  26  22 4.799968448e-06 -4.114319609e-06
  26 -22 1.868576272e-07 -6.041132225e-06
  26  23 -4.452365598e-06 6.38573024e-07
  26 -23 3.023521165e-06 3.048093528e-06
  26  24 -3.212052068e-07 9.743031571e-07
  26 -24 5.843884174e-07 -1.017291963e-06
  26  25 2.054754067e-06 -8.640534269e-06
  26 -25 -3.946334046e-06 3.058724022e-07
  26  26 -1.959930532e-07 -4.325228888e-07
  26 -26 5.619767799e-07 -4.017573884e-07
  27   0 1.389914025e-05 -1.249056582e-05
  27   1 -7.856713154e-07 2.781321482e-05
  27  -1 -1.353096013e-05 1.290578431e-05
  27   2 5.677514374e-06 -8.019350912e-06
  27  -2 -8.608025669e-06 -7.963596422e-07
  27   3 2.367484991e-06 1.976328895e-05
  27  -3 1.765687211e-05 -9.724800835e-06
  27   4 1.576753645e-05 -1.815697421e-05
  27  -4 -9.722619963e-06 2.114357204e-06
  27   5 -1.198944928e-05 1.525103336e-05
  27  -5 -3.711590024e-06 2.111799562e-05
  27   6 1.240232143e-05 1.04305563e-06
  27  -6 7.393226047e-06 3.699530412e-06
  27   7 -7.470384884e-07 -6.69633381e-06
  27  -7 6.370562095e-06 3.372844278e-06
  27   8 -1.155301772e-05 -6.899711731e-06
  27  -8 -1.36538564e-06 -6.310569075e-07
  27   9 5.266614759e-06 1.541033241e-06
  27  -9 -3.774943543e-08 -3.129446773e-06
  27  10 -3.950029226e-06 8.6551249e-06
  27 -10 -1.052557471e-05 -3.439185563e-06
  27  11 -1.393125758e-05 -7.210228308e-07
  27 -11 1.790384707e-07 -1.18803859e-05
  27  12 -5.870050129e-06 -3.983932268e-06
  27 -12 2.898510826e-06 -4.573792684e-06
  27  13 5.826344117e-06 -1.073106137e-05
  27 -13 -5.3515584e-06 -2.785799401e-06
  27  14 -2.54851451e-06 1.039880056e-05
  27 -14 -3.087153704e-06 -5.338825223e-06
  27  15 9.826897408e-07 -5.594305425e-06
  27 -15 9.106140217e-06 8.419639913e-07
  27  16 1.065815418e-07 1.706502841e-07
  27 -16 4.046186271e-06 -3.540327763e-06
  27  17 2.60930993e-06 -4.197380939e-06
  27 -17 -3.413667149e-06 -4.448042129e-06
  27  18 -1.361187781e-06 9.759741442e-08
  27 -18 -3.31246061e-07 -3.98500969e-06
  27  19 -3.606130899e-06 1.13481314e-06
  27 -19 1.810744102e-06 2.703419711e-06
  27  20 2.604307113e-06 -1.336191402e-06
  27 -20 -1.881226551e-06 -2.578058467e-06
  27  21 -3.263028046e-06 1.920713504e-07
  27 -21 1.174162718e-06 1.725021208e-06
  27  22 -6.982131925e-07 -3.158954608e-06
  27 -22 6.572941664e-07 1.611392255e-06
  27  23 -2.117997381e-06 6.261844558e-07
  27 -23 -8.751249193e-07 1.679997392e-06
  27  24 1.753520314e-06 -1.488751686e-06
  27 -24 -5.881730592e-07 4.649794865e-06
  27  25 1.266809984e-06 2.002411137e-07
  27 -25 -1.022775332e-06 -2.296495214e-06
  27  26 -1.265480107e-07 -9.202961871e-07
  27 -26 -3.249004065e-07 -1.568655908e-07
  27  27 5.479088302e-07 1.065977191e-06
  27 -27 3.153878867e-07 -6.825838795e-07
  28   0 3.117720812e-06 -2.707169982e-05
  28   1 5.673949395e-06 1.623352242e-05
  28  -1 -1.386811651e-05 1.918156786e-05
  28   2 -5.783565486e-07 -3.186404337e-06
  28  -2 -2.732771694e-05 -2.993663319e-06
  28   3 -1.042206044e-05 5.997488506e-06
  28  -3 1.181338559e-05 -6.984040425e-06
  28   4 4.440254751e-06 1.629065591e-06
  28  -4 -6.62719048e-06 3.745916487e-06
  28   5 -4.116374577e-06 9.599597957e-06
  28  -5 9.783668438e-06 -2.662886202e-06
  28   6 3.044815228e-06 -1.540408706e-06
  28  -6 9.839422492e-06 4.89478984e-06
  28   7 -1.73359792e-06 1.322523782e-06
  28  -7 4.100416779e-06 1.604511786e-06
  28   8 4.259718511e-06 -3.243786252e-06
  28  -8 6.707744666e-07 2.551965732e-06
  28   9 -6.2956039e-06 7.263922789e-06
  28  -9 -7.177264786e-06 -2.135770648e-06
  28  10 -6.617893018e-07 3.943906793e-06
  28 -10 -3.458911599e-06 -3.641021502e-06
  28  11 2.422976e-06 -1.15076903e-06
  28 -11 3.675793472e-06 1.435699611e-06
  28  12 2.903404658e-06 1.914286889e-06
  28 -12 4.640177683e-06 2.461407689e-06
  28  13 -4.178876677e-06 -1.970082581e-06
  28 -13 -3.941536575e-06 -4.555421223e-06
  28  14 -8.772313017e-06 7.522589917e-07
  28 -14 -4.923143237e-06 -4.959934003e-07
  28  15 -4.372699478e-06 -3.672513915e-06
  28 -15 -4.497390622e-06 -2.616957301e-06
  28  16 -1.353896152e-06 -4.734301182e-06
  28 -16 1.620151768e-06 -2.330582143e-06
  28  17 -1.891040652e-06 4.726984845e-07
  28 -17 3.06783523e-06 2.894441682e-06
  28  18 -2.180842577e-06 1.289178922e-06
  28 -18 -3.183975056e-06 2.330590303e-06
  28  19 -2.036405175e-06 -1.522922003e-06
  28 -19 2.589496429e-06 -1.498659285e-06
  28  20 -2.149865996e-06 -2.262257564e-09
  28 -20 -2.674898419e-06 1.21724444e-06
  28  21 -1.242033277e-06 3.719304827e-06
  28 -21 2.90541072e-07 8.571380344e-08
  28  22 -8.772874208e-07 -1.913605513e-07
  28 -22 -7.763252674e-07 2.921384516e-06
  28  23 5.540652651e-07 -5.271557367e-07
  28 -23 -4.51499045e-07 -2.803555789e-06
  28  24 1.356732515e-07 -7.570056576e-07
  28 -24 4.936381581e-08 4.577036231e-07
  28  25 -2.751920014e-06 1.351997935e-06
  28 -25 2.200000768e-06 9.480116863e-07
  28  26 3.168191301e-07 -1.186314518e-06
  28 -26 -3.019242429e-07 -2.808499413e-07
  28  27 1.538893506e-06 -2.110520249e-07
  28 -27 -1.680224952e-06 -1.094188315e-06
  28  28 -1.612117526e-06 -2.798913162e-07
  28 -28 -7.029422433e-07 -3.363237683e-07
  29   0 9.631391391e-06 -1.14810764e-05
  29   1 4.672565317e-07 6.777475594e-06
  29  -1 -2.909909247e-06 7.387662937e-06
  29   2 -2.016106184e-06 -5.394177894e-06
  29  -2 4.527109212e-06 -5.484913635e-06
  29   3 -3.045625893e-06 2.403286804e-06
  29  -3 7.535191975e-06 -8.094011178e-06
  29   4 3.905623448e-06 -1.014260845e-05
  29  -4 -2.015723214e-06 -4.33595337e-06
  29   5 -6.016749169e-06 1.142043169e-05
  29  -5 -5.135342955e-08 2.941536068e-07
  29   6 4.620179424e-06 -3.372599292e-06
  29  -6 6.951132296e-06 5.028581526e-06
  29   7 1.768825982e-06 -4.071414155e-06
  29  -7 -1.047589132e-06 1.331431309e-07
  29   8 3.230164442e-06 -3.100156251e-06
  29  -8 4.593697254e-07 -4.166936063e-06
  29   9 -6.916722409e-06 -6.257492244e-07
  29  -9 4.41494821e-06 -1.229675232e-06
  29  10 -3.391342749e-06 2.518805801e-06
  29 -10 -5.476834088e-06 -2.421481246e-06
  29  11 -5.841613574e-06 -1.198172346e-06
  29 -11 -3.704563056e-06 -5.178352713e-07
  29  12 1.052731371e-06 7.417698115e-07
  29 -12 9.41658384e-07 1.931177782e-06
  29  13 -3.029961775e-06 -1.707013827e-06
  29 -13 2.451009727e-06 -2.162526608e-06
  29  14 -2.068890007e-06 -7.392938429e-07
  29 -14 1.771272086e-06 7.472986033e-07
  29  15 -4.908654459e-06 7.106335521e-07
  29 -15 -3.450742092e-06 -1.464259576e-06
  29  16 -2.060949764e-06 -6.597693595e-07
  29 -16 -1.373251568e-06 -4.034257761e-07
  29  17 -1.010355928e-07 2.563211963e-06
  29 -17 -1.754374558e-06 1.418050144e-06
  29  18 4.341936198e-08 3.859180768e-07
  29 -18 -3.342763172e-06 2.552978637e-06
  29  19 5.49261522e-07 -2.103080088e-06
  29 -19 -2.379490675e-06 -1.504163605e-06
  29  20 -1.850526367e-07 1.337479553e-06
  29 -20 -9.812696038e-07 3.052866307e-06
  29  21 -3.165558688e-07 8.08995179e-07
  29 -21 1.201065688e-06 -1.189180004e-06
  29  22 -2.344026397e-06 -6.573636003e-09
  29 -22 2.318667041e-08 -1.141105825e-07
  29  23 -4.152049257e-08 -1.160291131e-06
  29 -23 4.437100617e-08 -1.762396086e-07
  29  24 2.408826294e-07 -3.492531362e-07
  29 -24 -3.019809791e-07 -2.089917292e-07
  29  25 -2.22178353e-07 -3.634517683e-07
  29 -25 1.310945907e-06 1.848452271e-07
  29  26 7.159305858e-07 1.519802383e-07
  29 -26 -2.935770014e-07 -6.561112871e-07
  29  27 -1.695464327e-07 -2.15649022e-07
  29 -27 8.132466903e-07 6.240675442e-07
  29  28 -3.804303211e-07 -2.285046672e-07
  29 -28 -5.618932547e-07 3.378378958e-07
  29  29 2.412728078e-07 1.310372924e-06
  29 -29 9.632890582e-07 1.822909517e-07
  30   0 3.247297036e-06 -9.477304337e-06
  30   1 3.300662003e-06 -8.020619321e-07
  30  -1 -6.141364861e-06 7.172044612e-06
  30   2 -1.876973595e-06 4.341438787e-06
  30  -2 -8.56691339e-06 3.646473383e-06
  30   3 -3.665939876e-06 -3.694498504e-07
  30  -3 1.788592633e-06 -3.318630675e-06
  30   4 -1.456343215e-08 -1.903519178e-06
  30  -4 -2.996068178e-06 5.218375996e-07
  30   5 8.455590289e-07 7.233154633e-06
  30  -5 3.424730802e-06 -1.994586441e-07
  30   6 1.905421668e-06 2.045121828e-06
  30  -6 2.211714271e-06 6.225540479e-07
  30   7 2.369507623e-06 -1.953988978e-06
  30  -7 1.230765119e-06 4.049194144e-06
  30   8 -4.184032802e-07 -9.19395792e-08
  30  -8 -1.764504701e-07 -4.339408294e-07
  30   9 -2.497580091e-06 1.769165681e-06
  30  -9 -3.327783351e-08 -3.748095165e-06
  30  10 -1.19791344e-06 -1.026247265e-06
  30 -10 -2.756931445e-06 8.796956836e-07
  30  11 -2.595549833e-06 6.380386462e-07
  30 -11 -1.765660634e-06 -4.936182783e-07
  30  12 6.076543382e-07 3.923772093e-07
  30 -12 -1.846276672e-06 -4.291815611e-07
  30  13 1.462739995e-06 -1.931168357e-07
  30 -13 -1.642075527e-07 4.797216465e-07
  30  14 7.244020992e-07 1.188780926e-06
  30 -14 -9.025278031e-07 -7.790461929e-07
  30  15 -1.063788962e-07 1.985269911e-06
  30 -15 3.157845006e-06 -8.253964635e-07
  30  16 1.406346191e-07 1.115654166e-06
  30 -16 -5.332563687e-07 -5.078035098e-07
  30  17 1.724045903e-06 8.687730463e-07
  30 -17 -1.133297383e-06 -8.984227573e-07
  30  18 9.401710654e-07 -6.242499727e-07
  30 -18 2.094731921e-06 -5.733626397e-07
  30  19 1.233739405e-07 -5.092422533e-07
  30 -19 -8.480789348e-07 -9.030605441e-07
  30  20 7.191482621e-07 2.716001638e-07
  30 -20 8.392988731e-07 -2.368587339e-08
  30  21 -3.526447395e-07 -7.208895098e-07
  30 -21 -2.422122887e-07 6.210067376e-07
  30  22 -6.493399955e-07 2.469811083e-07
  30 -22 1.130331316e-06 -1.447728068e-06
  30  23 2.987211787e-07 1.56652712e-07
  30 -23 7.268593046e-07 -9.967380855e-07
  30  24 2.493193388e-07 -4.141714923e-08
  30 -24 -3.549592154e-07 8.515138253e-07
  30  25 1.582641087e-06 2.222730028e-07
  30 -25 -1.521558077e-06 -9.098457409e-07
  30  26 1.534659259e-06 5.50887186e-07
  30 -26 -2.517856233e-07 4.791100933e-07
  30  27 1.925062802e-07 6.317987172e-07
  30 -27 8.112194606e-09 -1.239298045e-07
  30  28 4.545159986e-07 1.746453048e-07
  30 -28 3.521853021e-08 2.56556503e-07
  30  29 -1.166383566e-07 2.762853381e-07
  30 -29 4.144042899e-07 -2.448618077e-07
  30  30 1.944165964e-07 2.460411295e-07
  30 -30 -5.071280473e-07 -3.171979033e-07
