   1   0 -0.0001724689971 -0.007241069141
   1   1 8.226075368e-06 -0.0001735692412
   1  -1 2.912082977e-05 -0.001710308516
   2   0 -0.009169924637 -0.007720777915
   2   1 0.01553597594 0.01506863598
   2  -1 0.01068171034 -0.006950235
   2   2 0.0001957400496 -0.004553711779
   2  -2 0.003300168007 0.008114852736
   3   0 -0.004772164386 -0.004316350852
   3   1 -0.005908485901 -0.002273932875
   3  -1 -0.007611462908 -0.005991689259
   3   2 0.002052493803 -0.001451328892
   3  -2 0.005287524603 0.00372786767
   3   3 0.000758231435 -0.002136510464
   3  -3 0.003144735106 0.003830335305
   4   0 -9.611551105e-05 -0.003448504574
   4   1 0.002980166615 0.01155638052
   4  -1 0.007584674144 0.001803697458
   4   2 -0.004503329069 0.002881209493
   4  -2 -0.0003486929745 0.01345804846
   4   3 0.001175246208 0.001412212188
   4  -3 0.003888822589 0.004651382348
   4   4 0.001182468872 0.00214224666
   4  -4 -0.002470052864 -0.00208562062
   5   0 -0.005299036393 -0.003968567628
   5   1 0.0007732264604 0.002456129143
   5  -1 0.008323802605 -0.004416441717
   5   2 0.003720647082 -0.009747099808
   5  -2 0.003322415276 0.004095968399
   5   3 0.007454122179 0.0001686031615
   5  -3 -0.001255831989 0.00161817469
   5   4 0.004507161267 0.002359016912
   5  -4 0.002996315748 -0.004905118337
   5   5 -0.005123817338 -0.005189751888
   5  -5 0.004492940724 0.002829672797
   6   0 -7.252192515e-06 0.0004856733251
   6   1 0.001433702668 0.003405487184
   6  -1 -0.002706985505 0.00162842793
   6   2 0.001411026485 0.002079583834
   6  -2 -0.002360397504 0.005856744747
   6   3 0.001610044642 0.007945687691
   6  -3 0.005318167556 -0.00412569482
   6   4 -0.001135074171 0.004749496417
   6  -4 -0.0003975609468 -0.002307556671
   6   5 -0.001770112104 -0.0003776947336
   6  -5 -6.397292493e-05 0.002002657322
   6   6 -0.001826626298 -0.00292217537
   6  -6 -0.0013872012 0.003990022214
   7   0 0.001309159543 -0.001082938662
   7   1 -0.0009894940302 0.004510523438
   7  -1 0.007325725633 -0.001208927498
   7   2 0.002973664628 -0.003804558715
   7  -2 -7.86235266e-05 0.004649310528
   7   3 -0.001551181327 -0.001533451169
   7  -3 -0.001424348584 0.002819762567
   7   4 0.003171597755 -0.003310222342
   7  -4 0.001497117444 -0.001329009437
   7   5 0.002681706935 0.003675654937
   7  -5 0.00285338968 -0.001990731868
   7   6 -0.004156381701 0.003251937111
   7  -6 0.0005945155961 0.001809608055
   7   7 -0.0011871483 -0.001762566488
   7  -7 -0.0008119839339 -0.005689448981
   8   0 0.002436695237 0.001356501215
   8   1 -0.002146473179 0.0005618787825
   8  -1 -0.0008470678628 0.001647964414
   8   2 0.000863065947 -0.001006003059
   8  -2 -0.001544208924 0.002496642997
   8   3 -0.0009350689653 -0.0008594361046
   8  -3 0.002122022644 0.002140023168
   8   4 -0.001431578219 0.002593729618
   8  -4 -0.0007822892093 -0.002227745669
   8   5 0.001060515061 0.002044556476
   8  -5 0.001261788941 -0.001852106535
   8   6 -0.00246617294 0.001057977166
   8  -6 -0.002967552771 -0.002036042076
   8   7 -0.003377162992 0.0004017980979
   8  -7 0.0001242415009 -0.002517461153
   8   8 0.0001983339757 -0.004957906494
   8  -8 0.001339468965 0.002329254609
   9   0 0.002280420603 0.0006439212833
   9   1 0.001667316757 0.005366237907
   9  -1 0.001628305736 6.182455214e-05
   9   2 0.00212069005 -0.0002024115734
   9  -2 -3.227415617e-05 0.001663307647
   9   3 0.0004940681722 0.002535942159
   9  -3 -0.002108802707 -0.001801954038
   9   4 8.458981843e-05 0.002073390435
   9  -4 0.00149432657 -0.0002454331091
   9   5 -0.0002781745038 -0.001354008754
   9  -5 8.127522276e-05 0.000947748333
   9   6 0.001074632074 -0.0007562415448
   9  -6 0.0009298659824 0.001017106806
   9   7 -6.917780134e-05 -0.001210360941
   9  -7 -0.002117783737 0.0007104150186
   9   8 -0.0003913506968 -0.001936572012
   9  -8 -0.0004189767854 -0.003671634748
   9   9 -0.001718884723 0.0005059603003
   9  -9 0.003221412429 -0.001227869549
  10   0 0.0003720354842 0.003572969126
  10   1 -0.003689866985 -0.0007420574858
  10  -1 0.0006483182841 0.0003209353344
  10   2 0.0008815870343 -0.0002088577511
  10  -2 -0.001931943811 0.001120964947
  10   3 0.001205338284 0.001515296162
  10  -3 0.003003374191 -0.002832771398
  10   4 -0.0001393364179 -0.0007972801417
  10  -4 -0.0009451527671 0.001287658119
  10   5 -0.00223060489 0.0007077954403
  10  -5 -0.0005310054969 0.0009509101402
  10   6 0.0001909275284 0.000767674367
  10  -6 0.0002835168324 0.0008919922602
  10   7 -0.0001649992849 0.0002075275161
  10  -7 -0.00024546879 0.001303637418
  10   8 -0.002138856754 -0.001115673311
  10  -8 0.0008855836823 -0.001335356286
  10   9 0.0007581366538 0.0001501325274
  10  -9 -0.001037341764 0.0003211565299
  10  10 -0.0003177812787 -0.0001797786962
  10 -10 0.0007693240694 0.0008311450175
  11   0 0.003050308357 -0.0005466353268
  11   1 0.0005405670984 0.002338272604
  11  -1 -0.0004016190876 0.0008535251807
  11   2 0.0004345660072 -0.0009906441378
  11  -2 -0.001251699897 -0.0005971043444
  11   3 0.0004915022078 0.0001711366941
  11  -3 -0.0006025411759 -0.001870682579
  11   4 -0.0001838779833 -0.001533994182
  11  -4 -0.001687462002 -0.0004074771139
  11   5 -0.0001972340674 0.001085311312
  11  -5 -0.0004592933941 0.0001107577227
  11   6 0.000426267026 0.0003116116718
  11  -6 -4.025430685e-05 -0.0006577648399
  11   7 0.0008819463995 -0.0001633440603
  11  -7 -0.0005495080068 0.001226602714
  11   8 -0.0003885235706 -0.001103666452
  11  -8 0.0001371301866 -0.0004095371051
  11   9 -0.001466985141 0.0001942963415
  11  -9 -0.0007514633195 -0.000442989354
  11  10 -0.001137683787 0.001168456323
  11 -10 -0.001656140937 0.001086378339
  11  11 0.000174481589 0.0006647712066
  11 -11 -0.0008348463118 0.0007588130068
  12   0 0.001635398962 0.00284490258
  12   1 -0.002193735627 1.438488103e-05
  12  -1 -0.0004784728544 -0.001821233234
  12   2 0.0008407067201 -0.001238041882
  12  -2 -0.001975121754 0.0007906533447
  12   3 -0.0002219907867 0.001090507653
  12  -3 0.001067892884 -0.001746981789
  12   4 -0.0002175275407 0.001187835452
  12  -4 0.0002637192525 0.0003818522655
  12   5 -0.0006976344862 0.0003201776224
  12  -5 -0.0005717356511 1.328927976e-05
  12   6 -0.0003680590071 0.0003471453896
  12  -6 -0.0005523373051 -0.0005941281818
  12   7 -1.502998616e-06 0.0008518047369
  12  -7 4.941341344e-05 -0.0005680512787
  12   8 0.0002381802041 0.0003345704462
  12  -8 -0.000259104555 -2.965634605e-05
  12   9 -0.0004683810431 5.356010976e-05
  12  -9 -0.0008360057031 0.001059458834
  12  10 -0.0002503818918 -0.0003715186874
  12 -10 -0.0002552525862 0.0004253984096
  12  11 -0.0008007007185 2.718194134e-06
  12 -11 -0.000828258292 0.0006799370106
  12  12 -0.001409733433 -0.0001202429058
  12 -12 0.000695212861 -1.165632762e-05
  13   0 0.001847356139 -0.0001426028564
  13   1 -0.0005111658615 0.001426998027
  13  -1 0.0007248029305 0.0008305137018
  13   2 -0.0009734077048 -0.0003823844328
  13  -2 -0.001379055226 -0.001860704088
  13   3 0.0001224613557 0.0005595801891
  13  -3 -0.0008719753131 -0.002161297344
  13   4 0.001741127758 -0.0005720613684
  13  -4 0.0002946249912 -4.113953604e-05
  13   5 0.0003758572207 0.0009363898552
  13  -5 -8.851222445e-05 0.0003354202161
  13   6 -0.0004870864169 -0.0001570766422
  13  -6 -0.0002727506126 0.001382354277
  13   7 -0.0001508516965 0.0001263461568
  13  -7 9.738147543e-05 4.517675752e-05
  13   8 0.0009388453134 0.0001343176085
  13  -8 -0.0001979138381 0.0006673804229
  13   9 0.0005754411153 8.875757973e-05
  13  -9 0.0006144845936 0.0010221972
  13  10 0.0005137529097 -0.001324495599
  13 -10 2.817091367e-05 -0.0005843282248
  13  11 0.0001649047269 -0.0005571905555
  13 -11 0.0007333375791 -0.0004389257875
  13  12 0.0001338872563 -0.0005767286986
  13 -12 -0.0008976545744 0.0005140490585
  13  13 0.0001389426161 -0.0005365377049
  13 -13 5.597591656e-06 -0.0006166071981
  14   0 -0.0005757808188 0.001264549081
  14   1 -0.0006777209424 -0.0003388950573
  14  -1 0.001504576941 -0.0009091381511
  14   2 0.001194272853 -0.0007463535106
  14  -2 -0.0006219979539 -0.001897602056
  14   3 3.776958657e-05 -0.0005912247619
  14  -3 0.0002906890365 -0.001586094753
  14   4 -0.0002769854032 -0.0003400292678
  14  -4 0.0009379608381 0.0006133281682
  14   5 -0.001181888049 0.0001619901516
  14  -5 -0.0006599505692 0.0002644036353
  14   6 8.422628248e-05 -0.0003317420497
  14  -6 1.912504599e-05 0.0006186201158
  14   7 0.0004002424279 0.0001516800691
  14  -7 8.757373865e-05 0.0006568842998
  14   8 -0.000239889112 -0.0004463448556
  14  -8 0.0005021046355 9.611171157e-05
  14   9 5.014174653e-05 0.0001126920782
  14  -9 -9.056871175e-05 4.056135819e-06
  14  10 8.022222629e-05 -6.66304395e-05
  14 -10 -0.0003022749051 -0.0001965517452
  14  11 0.0003319985822 2.585086251e-05
  14 -11 0.000427363851 3.495188425e-05
  14  12 0.0005953876666 7.763847302e-05
  14 -12 -0.0007248206062 6.528108172e-05
  14  13 -0.0003148936231 0.0006710505334
  14 -13 0.0001824678868 -0.0004951741448
  14  14 0.0003299212978 0.0001237353506
  14 -14 4.956878431e-06 -0.0005184444119
  15   0 0.0008784985323 0.000308768057
  15   1 -0.0006540052533 -0.0006420192252
  15  -1 0.0002608710684 0.0005425426391
  15   2 -0.001176453834 -0.0001346429203
  15  -2 -0.0006234400508 -0.0003275832687
  15   3 -0.0004812576508 -0.0008495465897
  15  -3 -0.0005475794221 -0.0008354858816
  15   4 0.0003205122104 -0.000997500723
  15  -4 0.0001787971371 6.267844454e-05
  15   5 -8.893534387e-05 0.0004594263293
  15  -5 -0.0002534118705 -0.0005871504879
  15   6 0.0001751927032 0.000259762354
  15  -6 4.217548386e-05 -0.0007907416953
  15   7 0.0001769631119 0.0005079040003
  15  -7 0.0001027642042 7.497714846e-05
  15   8 -0.0004602420984 -6.230010861e-05
  15  -8 -3.227304727e-05 -0.0003534377382
  15   9 4.741903921e-05 0.0001331823484
  15  -9 -0.000499249576 0.0001761631336
  15  10 -3.379077689e-05 0.0003578416291
  15 -10 0.0001909453602 0.0003641514437
  15  11 -0.0002193449204 -0.0001915148019
  15 -11 -0.0004737709267 -0.000295074072
  15  12 0.0001400421377 0.0002519044578
  15 -12 0.0001932867443 4.764525235e-05
  15  13 -0.0001420088987 0.0001554892211
  15 -13 -3.819193372e-05 0.0001060587862
  15  14 -0.0001301426634 -0.0002026457874
  15 -14 0.0002527130365 0.0002373776177
  15  15 9.054838491e-05 -4.910039439e-05
  15 -15 -0.000185131801 -1.94264888e-05
  16   0 0.0001404311453 0.0002016609229
  16   1 0.0004052334324 0.001164981738
  16  -1 0.0005261697239 -0.0008010661025
  16   2 -0.0001001094005 0.0002274222615
  16  -2 -0.0003061199325 -0.0006151636964
  16   3 0.0006594777122 0.0002786949692
  16  -3 -0.0002573153492 -0.001219448728
  16   4 -0.0003387899896 -2.699353617e-05
  16  -4 0.0001842115638 1.16421965e-05
  16   5 2.93104217e-05 -0.0003948358903
  16  -5 0.0003328558587 -0.0002335997267
  16   6 -0.0001080805481 -1.429682112e-05
  16  -6 -6.766487117e-05 -0.000456327272
  16   7 -2.810816806e-05 4.401477966e-05
  16  -7 -0.0001469486451 3.095451768e-05
  16   8 0.0001300110991 -6.303050047e-05
  16  -8 -0.0001046644035 -2.69672218e-05
  16   9 3.92326347e-06 -8.499785143e-06
  16  -9 1.096186975e-05 0.0001039420917
  16  10 0.0001974075631 -6.929026097e-05
  16 -10 -5.129296663e-05 -0.0001002650341
  16  11 -0.0001232796598 -0.0003703693345
  16 -11 -0.0002783872209 2.910251478e-06
  16  12 -0.0001883142711 1.042023294e-05
  16 -12 0.0002916029397 -0.0001994577962
  16  13 0.0002181472752 -0.0002046023565
  16 -13 5.660978938e-05 0.0002354909129
  16  14 0.0001025566091 4.069210821e-05
  16 -14 -3.196110017e-06 0.0001376308113
  16  15 -0.0001046509975 -7.930069032e-05
  16 -15 -0.0001719274004 0.0001229995314
  16  16 -0.0001238773218 2.12644593e-05
  16 -16 -8.371557391e-07 5.131856941e-05
  17   0 0.0002187553947 0.000512063403
  17   1 -0.0005296349533 0.0004166005387
  17  -1 -0.0004118280668 1.646476922e-05
  17   2 -0.000925610565 0.0002139876564
  17  -2 -0.0006300983621 -2.763578525e-05
  17   3 0.0003253959099 1.989917127e-05
  17  -3 -0.0005341673329 0.0001427850682
  17   4 0.0003685504771 0.0001774609561
  17  -4 -0.0001980747002 -8.10206814e-06
  17   5 -0.0001386512925 6.115736854e-05
  17  -5 -0.0001900794576 -0.0003187293472
  17   6 -0.0005358906803 2.095354167e-05
  17  -6 -8.436151806e-05 -5.593904413e-05
  17   7 -0.0002860516085 0.0001133433971
  17  -7 0.0001985943516 -0.0002783641604
  17   8 0.0001228729197 0.0001454964199
  17  -8 3.462755556e-05 -2.15259833e-05
  17   9 2.631855091e-05 -0.0001180946008
  17  -9 0.0001517351946 -0.0002058935267
  17  10 -0.000131704103 -0.0001062267564
  17 -10 -8.163415764e-05 -0.0002568934184
  17  11 6.30134405e-06 0.0003407670851
  17 -11 0.0001749351494 0.0003309199505
  17  12 4.563273424e-05 0.0001119249311
  17 -12 -4.735419229e-05 -5.289399483e-05
  17  13 -0.0002131109498 -0.000199772314
  17 -13 9.611180659e-05 0.0001064901641
  17  14 6.489231205e-05 -0.0001207499722
  17 -14 -8.497103559e-05 -8.855756774e-05
  17  15 1.362073439e-06 -3.944731606e-05
  17 -15 0.0001105192957 -0.000119627782
  17  16 -0.0001833882175 2.014590656e-05
  17 -16 4.443744606e-05 0.0001061429941
  17  17 -0.0001088212087 5.226105958e-05
  17 -17 -8.794340562e-06 4.618274478e-05
  18   0 -7.273227795e-05 -0.0002321998231
  18   1 0.0004934561585 0.0001169008157
  18  -1 0.0001685417042 -0.0001449114701
  18   2 -0.0001184742202 0.0003572279219
  18  -2 -0.0001165216879 -0.0004841503892
  18   3 0.0001985850857 -0.0004080458377
  18  -3 3.209120484e-05 -0.0003377257531
  18   4 0.0001226149211 1.096118817e-05
  18  -4 -0.0001027481293 9.014506658e-05
  18   5 0.0001764808295 0.0001206278601
  18  -5 2.709080827e-05 -1.600321741e-05
  18   6 4.280556535e-05 4.980536224e-05
  18  -6 0.0001578955327 -1.950660783e-05
  18   7 0.0002277956219 -1.36754265e-05
  18  -7 -0.000181120522 5.551608087e-05
  18   8 -4.785567105e-05 2.585956518e-05
  18  -8 4.715980562e-05 4.439636617e-05
  18   9 1.958365072e-05 -4.812651046e-05
  18  -9 0.00019234695 0.0001262879303
  18  10 -0.0001522436373 8.990532113e-05
  18 -10 0.0001008510225 -0.0001822462467
  18  11 2.303791379e-05 4.430160349e-05
  18 -11 0.0002185143538 -8.76180935e-05
  18  12 1.869302701e-05 2.88805001e-05
  18 -12 -8.262056559e-05 7.652706716e-05
  18  13 7.839439591e-05 4.94889463e-05
  18 -13 -2.986591299e-05 -3.931704976e-07
  18  14 1.953785093e-05 2.621305742e-05
  18 -14 -6.864434684e-05 -2.829404812e-05
  18  15 3.114813667e-05 2.412177728e-05
  18 -15 6.297668399e-05 -1.07848874e-05
  18  16 -9.879226311e-07 0.0001283200505
  18 -16 9.468343827e-05 -8.40774858e-05
  18  17 -7.913647705e-05 7.819757328e-05
  18 -17 -7.800077622e-05 -9.840418068e-06
  18  18 1.622763784e-05 1.613497835e-05
  18 -18 0.0001150313238 4.370037333e-05
  19   0 0.0001673191117 0.0002894483666
  19   1 -6.710001053e-05 0.0004425338807
  19  -1 -3.762985988e-06 -0.0001838966353
  19   2 -0.000497201724 7.28135315e-05
  19  -2 -0.0001351380991 0.0001133657126
  19   3 0.0002872977744 -6.072740481e-05
  19  -3 -4.980749432e-05 0.0001133910622
  19   4 -0.0001286025879 -0.0001709433997
  19  -4 8.027075255e-05 5.26675677e-05
  19   5 4.093252865e-05 -6.16179214e-06
  19  -5 8.670649895e-05 -0.0001747620364
  19   6 -0.0001618293476 -2.973384677e-05
  19  -6 -0.0001575992819 -0.0002026408621
  19   7 3.133696007e-05 -0.0002181193215
  19  -7 8.51986984e-05 -7.073468806e-05
  19   8 -1.251168655e-05 -6.686046366e-05
  19  -8 7.212611068e-05 -8.718151426e-05
  19   9 -0.0001215002387 -5.589058381e-05
  19  -9 8.084201748e-05 7.577304178e-05
  19  10 -9.807388607e-06 -5.152365715e-05
  19 -10 2.414053235e-05 0.0001392183746
  19  11 2.556473928e-05 -0.000176401761
  19 -11 -9.12958259e-05 -7.086304918e-05
  19  12 7.238801415e-05 -4.993539066e-05
  19 -12 3.004836183e-05 -3.833734676e-05
  19  13 6.670330276e-05 2.24560519e-05
  19 -13 1.567533848e-05 -6.93439295e-05
  19  14 -7.060570871e-05 0.0001044690681
  19 -14 5.620407088e-05 2.019080412e-05
  19  15 9.284134369e-05 1.693599154e-05
  19 -15 3.381638124e-06 -1.329532188e-05
  19  16 -9.237465196e-05 8.301747919e-05
  19 -16 -8.432051935e-05 -2.442474121e-05
  19  17 9.516634131e-06 -6.728976754e-05
  19 -17 -2.353822422e-05 -2.40863313e-05
  19  18 2.102830224e-06 -3.742983637e-05
  19 -18 -2.015103558e-05 9.754270944e-05
  19  19 -8.465642003e-06 -4.340059455e-06
  19 -19 -7.291926819e-05 2.897396503e-06
  20   0 4.123032563e-05 -0.0001600556848
  20   1 0.0004742483477 0.0002166040952
  20  -1 0.0001087275413 -0.0001671229257
  20   2 -1.56352792e-05 0.0002235227903
  20  -2 -7.298692053e-06 -7.209860952e-05
  20   3 0.0001290301748 7.974983248e-05
  20  -3 -2.658149399e-05 -8.80012554e-05
  20   4 2.283422113e-05 2.689280417e-05
  20  -4 -0.0001130418178 -0.0001128778118
  20   5 9.668895501e-05 -5.837103772e-05
  20  -5 0.0001405471255 -7.207183957e-06
  20   6 -3.015875441e-05 9.506263586e-05
  20  -6 -6.452922492e-05 -7.424580938e-05
  20   7 5.628407408e-05 1.203173023e-05
  20  -7 -4.350439353e-05 5.937637606e-05
  20   8 3.232009211e-05 -3.675552763e-05
  20  -8 3.994561393e-05 -7.987371553e-05
  20   9 -9.937963378e-06 1.021785105e-05
  20  -9 -3.624311403e-05 -0.0001009732528
  20  10 2.348416061e-05 -3.33323951e-05
  20 -10 3.779403963e-05 3.386285913e-05
  20  11 4.495524016e-06 3.52225136e-05
  20 -11 -0.0001190806397 7.652381655e-06
  20  12 -8.909442521e-06 -4.063971317e-05
  20 -12 3.653958138e-05 -2.096590101e-05
  20  13 -4.490465944e-05 -1.133989739e-05
  20 -13 1.402252308e-05 2.626646231e-05
  20  14 3.771484498e-05 -2.817969087e-05
  20 -14 7.768308549e-06 4.572081973e-05
  20  15 2.431465388e-07 -2.318526885e-07
  20 -15 2.611192483e-05 6.011069309e-06
  20  16 -2.936795546e-06 -2.943885647e-05
  20 -16 3.560336201e-05 6.392119447e-05
  20  17 -5.035822844e-05 -2.857890917e-05
  20 -17 4.250694588e-05 -1.493618312e-05
  20  18 4.72475767e-06 1.60256446e-05
  20 -18 -5.003644515e-05 3.302474269e-05
  20  19 -9.018730534e-06 1.961804927e-06
  20 -19 -4.54100398e-06 -1.537831186e-05
  20  20 -3.693713171e-05 -3.396632206e-06
  20 -20 -2.274415061e-05 -1.562814035e-05
  21   0 -8.544975725e-05 0.0002175326667
  21   1 8.340003812e-05 0.0001315954864
  21  -1 6.068207268e-05 -0.0001367349167
  21   2 -0.0002879173841 0.0002703967947
  21  -2 -0.0001806162616 7.041043581e-05
  21   3 0.0002580446775 -1.101663861e-05
  21  -3 -4.927526187e-05 2.874461012e-06
  21   4 -9.032951289e-05 8.8897654e-05
  21  -4 -6.67843602e-05 9.607174641e-05
  21   5 2.57463205e-05 -5.799762823e-05
  21  -5 0.0001367624092 -1.418266246e-05
  21   6 2.606664679e-05 -4.823898206e-05
  21  -6 -9.414579587e-05 3.78611349e-05
  21   7 -0.000102908906 -1.177963059e-05
  21  -7 4.458650524e-05 -7.75137208e-05
  21   8 -2.959678203e-06 -1.419522574e-05
  21  -8 2.313392148e-05 5.972859009e-05
  21   9 2.381357416e-05 1.290165534e-05
  21  -9 5.849989435e-06 -3.728278717e-05
  21  10 8.684401864e-06 1.989924904e-05
  21 -10 2.946878516e-05 -4.765264891e-05
  21  11 -4.14053713e-05 6.599240238e-05
  21 -11 7.858333064e-06 1.068382757e-05
  21  12 -1.466517994e-05 2.914567519e-06
  21 -12 -8.446154912e-06 1.929559384e-05
  21  13 2.497422794e-05 3.832998747e-05
  21 -13 2.643815262e-06 2.620394867e-05
  21  14 1.705302308e-06 -2.487117219e-05
  21 -14 -1.468880571e-05 -3.14162257e-05
  21  15 -3.658228072e-05 -2.403541554e-05
  21 -15 1.10222021e-05 1.688084156e-06
  21  16 3.509357753e-05 -3.472472346e-05
  21 -16 3.345734133e-05 3.779809938e-05
  21  17 7.13966468e-06 1.789876481e-05
  21 -17 -2.046500475e-05 -1.120750331e-05
  21  18 -3.000914794e-05 -5.570359338e-06
  21 -18 1.604973853e-06 -2.231401468e-05
  21  19 4.930097265e-08 8.374941984e-06
  21 -19 1.97288698e-05 -2.400399994e-05
  21  20 -2.157719571e-05 -1.039780768e-05
  21 -20 3.986413774e-06 -6.230138387e-06
  21  21 1.367993437e-05 1.296687301e-06
  21 -21 -1.056034919e-05 1.65777843e-05
  22   0 1.527744794e-05 -4.617839341e-05
  22   1 0.0001976845419 4.358613647e-05
  22  -1 5.453133413e-05 -6.808210502e-05
  22   2 -2.147143678e-05 7.990348169e-05
  22  -2 4.114091019e-05 7.112002107e-05
  22   3 1.698134534e-06 -2.811494794e-05
  22  -3 2.154249883e-05 -3.693759932e-06
  22   4 4.730781202e-05 9.170608226e-05
  22  -4 -4.877279418e-05 -6.436004665e-05
  22   5 4.196519619e-05 6.306284079e-05
  22  -5 -1.482765536e-05 -3.116098084e-06
  22   6 -1.423373462e-05 1.147557446e-05
  22  -6 -3.660755499e-06 2.015632667e-05
  22   7 3.042227385e-05 -2.525112834e-05
  22  -7 -5.292646158e-05 9.936068043e-06
  22   8 -3.030034942e-07 4.757433343e-05
  22  -8 -4.496872501e-06 1.458007249e-05
  22   9 5.194661783e-06 -1.721416443e-05
  22  -9 2.604160439e-05 -7.257624105e-06
  22  10 -1.608161932e-05 -1.645401432e-05
  22 -10 -2.91313506e-05 3.081601115e-05
  22  11 1.645876311e-05 -5.916432641e-06
  22 -11 2.911609703e-05 3.637038564e-07
  22  12 1.934182808e-05 2.86022886e-05
  22 -12 1.400275541e-05 -4.092842696e-06
  22  13 -4.428584706e-05 -1.736969446e-05
  22 -13 -5.78305032e-06 -6.945726717e-06
  22  14 -3.113169926e-05 2.806487533e-05
  22 -14 2.452655133e-05 -2.600461673e-05
  22  15 1.6898836e-05 -2.171567649e-05
  22 -15 8.053373141e-06 -1.495879009e-05
  22  16 -2.835476985e-05 5.215677858e-06
  22 -16 -1.529105358e-05 -9.751663158e-06
  22  17 -2.980259305e-06 -1.411876707e-05
  22 -17 -1.806285408e-05 2.239334504e-05
  22  18 6.271652196e-06 -1.250133556e-05
  22 -18 -3.259261469e-07 3.116217523e-06
  22  19 2.386709696e-05 -2.093234415e-05
  22 -19 1.235100521e-05 -3.096492836e-06
  22  20 7.248458772e-06 -1.021744654e-05
  22 -20 -1.609869216e-05 7.819907478e-06
  22  21 -1.72774466e-05 -1.463316491e-05
  22 -21 -4.446093568e-06 -8.611037148e-06
  22  22 -2.933605237e-06 1.058554107e-06
  22 -22 -3.312464651e-06 -1.725205744e-06
  23   0 -2.026308042e-05 5.466959237e-05
  23   1 -3.360232643e-05 4.55345599e-05
  23  -1 6.569918819e-05 -5.449330193e-05
  23   2 -6.360364057e-05 2.023622113e-05
  23  -2 -3.069428704e-05 4.380393338e-05
  23   3 9.727507263e-05 -2.101283155e-05
  23  -3 -1.005120989e-05 2.530912629e-05
  23   4 -6.576344642e-06 1.039751546e-05
  23  -4 1.191605726e-05 1.558310248e-05
  23   5 -1.985911432e-05 -2.418894252e-05
  23  -5 2.755091764e-05 3.517933866e-06
  23   6 -2.775520262e-05 -7.222598045e-06
  23  -6 -5.257273825e-05 -2.360107395e-06
  23   7 1.660580748e-05 -2.103180852e-05
  23  -7 -3.032228654e-05 -1.249270775e-05
  23   8 3.033696312e-05 1.188735219e-05
  23  -8 5.830946431e-07 3.912988495e-05
  23   9 -7.04710969e-06 -3.497851424e-05
  23  -9 -1.052167313e-05 1.090833707e-05
  23  10 8.405124993e-06 -1.094620766e-05
  23 -10 3.964987467e-06 3.105126213e-05
  23  11 3.23161058e-05 -2.538183674e-05
  23 -11 9.182333364e-07 6.697936729e-06
  23  12 -1.429390593e-05 -1.259313961e-05
  23 -12 2.985802096e-05 6.612170427e-06
  23  13 2.419836068e-06 2.160211739e-06
  23 -13 -2.511236477e-05 -3.804882074e-06
  23  14 1.241305412e-05 -6.897125232e-07
  23 -14 -1.457646732e-06 1.301074872e-06
  23  15 5.838275828e-06 3.025335923e-06
  23 -15 -1.391403774e-05 -2.126835035e-05
  23  16 -2.116191667e-05 1.138548135e-05
  23 -16 8.149025795e-06 -6.971530703e-06
  23  17 -1.464300772e-05 1.650316731e-05
  23 -17 2.166923359e-05 -1.228624009e-07
  23  18 2.786318625e-05 4.996203421e-06
  23 -18 7.531656378e-06 -8.705453971e-06
  23  19 3.691995178e-06 9.161768446e-06
  23 -19 -7.291544006e-06 9.080782106e-06
  23  20 1.377719862e-05 7.514457905e-06
  23 -20 -8.65629452e-06 7.181787604e-07
  23  21 -8.899151379e-06 2.017217528e-06
  23 -21 -4.385334422e-06 -9.469727836e-07
  23  22 -9.102415699e-06 -8.643982512e-06
  23 -22 -3.413476592e-06 -1.243231263e-05
  23  23 -7.778963827e-07 -1.248203308e-05
  23 -23 -2.590640578e-06 1.426646107e-06
  24   0 -2.697941047e-05 -7.959330227e-05
  24   1 9.405799526e-05 3.891560097e-05
  24  -1 1.78147446e-05 -8.876587587e-05
  24   2 2.961849292e-05 1.19928889e-05
  24  -2 5.156164924e-05 1.403410598e-05
  24   3 2.373641553e-05 4.157107421e-05
  24  -3 1.308774262e-05 5.127662859e-06
  24   4 8.656530135e-06 -1.220605406e-05
  24  -4 -1.162107031e-05 -6.283284389e-06
  24   5 1.605586572e-05 5.373693983e-06
  24  -5 2.55021333e-05 -3.461453839e-05
  24   6 -8.994139081e-06 -9.42518275e-06
  24  -6 -5.864320611e-07 -6.303574184e-06
  24   7 2.282135255e-05 -1.598839673e-06
  24  -7 5.499006476e-06 -4.391286129e-06
  24   8 -2.166011153e-05 -1.451576173e-05
  24  -8 -5.350839273e-06 -1.824873984e-05
  24   9 4.656931167e-06 3.626681926e-06
  24  -9 -1.161608117e-05 -2.575562342e-05
  24  10 1.295996414e-05 -5.335268437e-08
  24 -10 1.278522615e-05 -1.358299195e-05
  24  11 -1.152683888e-05 5.109084545e-06
  24 -11 9.926391485e-07 1.221064739e-05
  24  12 -8.856619093e-07 8.928868804e-07
  24 -12 -5.625683499e-07 8.920484583e-06
  24  13 1.488154299e-05 1.524607024e-05
  24 -13 -4.843130077e-06 1.045608781e-05
  24  14 1.329295975e-05 -1.964471009e-05
  24 -14 1.126557354e-05 3.721690751e-06
  24  15 -1.072070698e-05 -6.228288716e-06
  24 -15 3.339294267e-06 5.469179645e-06
  24  16 5.819842064e-06 -2.881721712e-06
  24 -16 1.39970836e-05 -1.311700902e-05
  24  17 1.646589087e-05 1.105403835e-05
  24 -17 4.432698109e-06 -1.74079069e-05
  24  18 2.63190831e-07 5.067842877e-06
  24 -18 -6.842315948e-06 -7.066288024e-06
  24  19 -1.909987864e-06 5.861214483e-06
  24 -19 -1.209715949e-05 -3.156050698e-06
  24  20 9.220447726e-06 -2.982460558e-06
  24 -20 2.291209557e-06 -2.506380271e-06
  24  21 2.743002462e-07 -4.316289009e-07
  24 -21 6.737038773e-06 -1.366554055e-05
  24  22 3.909275737e-06 3.807352889e-06
  24 -22 -5.077048495e-06 1.168461367e-06
  24  23 5.899826884e-06 -9.14962194e-06
  24 -23 1.59410173e-06 -2.713268877e-06
  24  24 4.324710016e-07 2.424650642e-06
  24 -24 6.915726356e-06 2.810488717e-07
  25   0 -2.073648839e-06 1.817529841e-05
  25   1 7.879991103e-07 3.2069287e-05
  25  -1 5.426945149e-05 -5.464527393e-05
  25   2 1.360278618e-06 2.779676776e-06
  25  -2 -2.55113818e-05 3.090150486e-05
  25   3 3.95050158e-05 1.405159049e-06
  25  -3 -1.47162122e-05 7.467799309e-06
  25   4 -3.123895561e-05 1.418155727e-06
  25  -4 -1.489127978e-05 6.659707388e-06
  25   5 1.728866485e-05 7.322031069e-06
  25  -5 -6.304220069e-06 1.015804015e-06
  25   6 1.473657794e-05 -3.07335516e-06
  25  -6 -7.318736964e-06 1.11966182e-05
  25   7 -5.428420989e-06 1.557181428e-05
  25  -7 -1.276105451e-05 -3.611149597e-06
  25   8 1.46027837e-06 1.565995899e-06
  25  -8 7.275272136e-06 5.368878253e-06
  25   9 4.045139144e-07 1.730139255e-05
  25  -9 -1.528521911e-05 -5.664222644e-06
  25  10 5.359046304e-06 5.053799988e-06
  25 -10 5.436820259e-06 -5.304841865e-06
  25  11 -3.293078815e-06 1.401129842e-05
  25 -11 -5.392608431e-06 -8.823229145e-06
  25  12 -3.759598438e-06 -8.34111796e-07
  25 -12 -1.316392534e-05 9.270448016e-06
  25  13 -1.908017064e-06 3.51478911e-06
  25 -13 1.430401952e-06 7.279000779e-06
  25  14 -6.536265739e-06 7.254872947e-07
  25 -14 -5.607199618e-06 8.468299923e-06
  25  15 -1.907957542e-06 3.557216724e-06
  25 -15 5.353514974e-06 1.413144402e-05
  25  16 8.654060842e-06 -6.72221897e-06
  25 -16 -8.176432867e-06 -1.930154545e-07
  25  17 4.589693164e-06 6.625448323e-07
  25 -17 -2.898045576e-06 -3.640869209e-06
  25  18 -1.499364e-05 1.793233842e-06
  25 -18 4.562958419e-06 6.066815642e-06
  25  19 -6.656762077e-06 3.947023983e-07
  25 -19 2.456495219e-06 9.237634498e-07
  25  20 7.192805113e-07 -2.934659915e-06
  25 -20 -1.935707477e-07 -4.761670353e-06
  25  21 8.134712869e-07 -4.175925439e-06
  25 -21 -2.204350603e-06 1.117546234e-06
  25  22 3.162304951e-06 1.480902997e-06
  25 -22 1.738881695e-06 2.890805025e-06
  25  23 5.020114201e-06 5.516402137e-06
  25 -23 -3.801121847e-06 8.407161708e-07
  25  24 3.34479564e-06 2.400671753e-06
  25 -24 -2.228603352e-06 1.205026661e-06
  25  25 -1.65355638e-06 -1.53645176e-06
  25 -25 -5.266836148e-06 3.332441657e-06
  26   0 2.20758174e-06 -3.026312744e-05
  26   1 1.932685157e-05 2.992402481e-05
  26  -1 2.481572678e-05 -4.454560159e-05
  26   2 2.184077825e-06 -1.419347215e-05
  26  -2 1.888012868e-05 2.253440462e-05
  26   3 1.482864531e-05 1.6980872e-05
  26  -3 3.791183112e-06 2.643449475e-06
  26   4 5.381826493e-06 1.065189819e-05
  26  -4 8.578422741e-06 -7.059146804e-06
  26   5 1.963035162e-06 7.939702598e-06
  26  -5 -3.799795959e-06 -8.69697697e-06
  26   6 -8.865789069e-06 -1.115203207e-05
  26  -6 -2.082796243e-06 7.518130259e-06
  26   7 -1.329501134e-06 2.590221866e-06
  26  -7 -1.646723835e-06 -1.522729309e-05
  26   8 2.841144385e-06 2.299778129e-06
  26  -8 3.526532145e-06 8.137799587e-06
  26   9 7.282007629e-06 5.305793119e-06
  26  -9 -3.304383248e-06 1.037065904e-05
  26  10 -3.326544038e-06 -1.118932943e-06
  26 -10 -9.55284939e-06 1.127925129e-07
  26  11 -1.82615758e-06 -3.657228803e-06
  26 -11 1.106155468e-07 1.7626067e-06
  26  12 1.424012401e-06 4.068966043e-06
  26 -12 -2.63549563e-06 -3.820889663e-07
  26  13 -3.106031713e-06 -4.611743047e-06
  26 -13 -2.039594519e-06 -3.043696788e-06
  26  14 -1.015683937e-05 7.194508631e-07
  26 -14 -4.53979355e-06 2.257703065e-06
  26  15 2.639588187e-06 4.008025274e-07
  26 -15 -2.967687471e-06 -1.035265441e-06
  26  16 3.898187622e-06 2.101251285e-06
  26 -16 2.437679641e-07 4.960496688e-06
  26  17 1.487763429e-07 -3.613528973e-08
  26 -17 1.8100556e-06 4.847265742e-06
  26  18 -2.32573465e-06 -6.133121991e-07
  26 -18 2.707159297e-06 5.140123871e-06
  26  19 3.343858493e-06 -1.7119567e-06
  26 -19 4.332435154e-06 -1.03715389e-06
  26  20 -1.014735071e-06 1.523036933e-06
  26 -20 2.183807977e-08 2.960642249e-06
  26  21 3.25376782e-06 -3.959737406e-06
  26 -21 -9.03458751e-07 2.745891076e-06
  26  22 -2.901321865e-06 2.550917002e-06
  26 -22 -1.18578355e-06 -2.691961592e-07
  26  23 2.163651227e-06 2.172919513e-06
  26 -23 -1.331125641e-06 -3.734125625e-06
  26  24 2.085653234e-06 5.772395383e-06
  26 -24 -2.550168939e-06 -2.094943843e-06
  26  25 6.534851244e-07 1.746959075e-06
  26 -25 -3.050883134e-06 -1.4448104e-06
  26  26 -3.926674136e-06 5.656370221e-07
  26 -26 -1.689310073e-06 -1.321949443e-06
  27   0 9.571345607e-07 9.685021012e-06
  27   1 -1.071790507e-05 1.01721317e-05
  27  -1 1.589178862e-05 -1.226458385e-05
  27   2 5.965616142e-06 4.944935372e-06
  27  -2 -1.57745675e-06 1.854332722e-05
  27   3 1.210919535e-05 -5.951976728e-06
  27  -3 7.581402171e-07 8.398505442e-06
  27   4 -4.491584587e-06 1.12184043e-05
  27  -4 5.131523075e-06 5.024973732e-06
  27   5 -1.526291003e-06 -1.256667451e-06
  27  -5 -3.207491288e-06 8.628785229e-06
  27   6 -5.228926588e-06 4.218633842e-06
  27  -6 -4.590959986e-06 -2.041858216e-06
  27   7 6.57917784e-06 4.854540981e-06
  27  -7 -1.494007603e-06 -1.308781038e-06
  27   8 3.014673133e-06 1.136420125e-05
  27  -8 -1.239771742e-05 3.391911641e-06
  27   9 1.433544478e-06 1.853993551e-06
  27  -9 -9.351243726e-06 -2.158387105e-06
  27  10 -2.536047537e-06 -1.890681878e-06
  27 -10 2.128557259e-07 8.390500083e-07
  27  11 5.706959772e-06 -7.44614531e-08
  27 -11 -3.022319239e-07 4.89971094e-06
  27  12 7.81283235e-07 1.156432518e-06
  27 -12 4.349602601e-06 -1.010825801e-06
  27  13 -6.29960164e-07 -4.647235044e-08
  27 -13 3.883701707e-06 -6.069930565e-06
  27  14 1.584968526e-06 -7.735621469e-07
  27 -14 3.886689586e-06 -2.677373577e-06
  27  15 -1.664384329e-06 -1.636120321e-06
  27 -15 -7.924939809e-07 -4.844068735e-06
  27  16 -1.244155471e-06 2.11792832e-06
  27 -16 2.016354209e-06 -1.645406423e-06
  27  17 -1.055124847e-07 -4.894160574e-07
  27 -17 -4.621618767e-07 1.119705552e-06
  27  18 4.828887339e-06 2.524442474e-07
  27 -18 -2.090250099e-06 -9.250611019e-07
  27  19 2.461867187e-06 -1.166527762e-06
  27 -19 -3.023960798e-06 4.133482483e-07
  27  20 -7.400042614e-07 -2.702924392e-07
  27 -20 -1.339703142e-06 2.054916703e-06
  27  21 2.896989359e-06 1.615621549e-06
  27 -21 2.751860974e-06 6.063074891e-08
  27  22 -5.071066225e-08 -6.801228608e-07
  27 -22 -4.722922125e-07 -2.609916214e-06
  27  23 -6.867618937e-09 -1.45540463e-06
  27 -23 1.537406582e-06 -2.7832987e-06
  27  24 6.357311127e-07 -4.551351697e-07
  27 -24 2.642818068e-07 -1.847729822e-06
  27  25 3.296400843e-07 -1.597912769e-07
  27 -25 2.384675406e-06 1.561016415e-07
  27  26 1.784013756e-07 -7.750757464e-08
  27 -26 1.432832656e-07 -1.427190942e-06
  27  27 1.273257861e-06 1.567689476e-06
  27 -27 2.925230566e-07 -4.420206146e-07
  28   0 -6.097593985e-06 -8.189634548e-06
  28   1 2.33611176e-06 9.091393519e-06
  28  -1 7.741101584e-06 -1.444911128e-05
  28   2 6.895361199e-06 3.6787024e-06
  28  -2 9.390397777e-06 3.866613933e-06
  28   3 3.143404563e-06 7.511762364e-06
  28  -3 -5.372143907e-06 1.202141535e-05
  28   4 2.915257761e-06 1.030408003e-06
  28  -4 1.635149533e-06 -2.419567475e-06
  28   5 5.544188438e-06 -2.322842745e-06
  28  -5 -3.964624677e-07 -2.114468534e-06
  28   6 -3.400459405e-06 3.702872409e-07
  28  -6 2.404199706e-06 3.259378242e-06
  28   7 -4.639977601e-07 -2.864729582e-06
  28  -7 5.042593663e-06 1.111948379e-07
  28   8 -5.848782991e-07 -1.295917261e-06
  28  -8 -2.40796264e-06 -1.955244481e-06
  28   9 2.252412983e-07 -9.133083791e-06
  28  -9 -2.976383752e-06 -1.824218384e-06
  28  10 4.765400468e-06 -1.342614438e-06
  28 -10 1.657777196e-06 -1.946050457e-06
  28  11 1.480892072e-06 6.769473113e-07
  28 -11 -4.618403328e-07 2.671664338e-06
  28  12 -2.084395612e-06 -1.137816764e-06
  28 -12 1.770628475e-06 1.331976373e-06
  28  13 4.05922764e-06 -3.07826754e-07
  28 -13 -1.038333091e-06 -3.983033781e-07
  28  14 2.554069754e-06 -2.713294797e-06
  28 -14 -9.013656395e-07 2.748327229e-08
  28  15 2.943657062e-06 9.79031397e-07
  28 -15 -9.813071005e-07 -4.800033826e-07
  28  16 -1.555726772e-06 5.62704983e-07
  28 -16 -4.410829716e-07 -1.481608463e-06
  28  17 -1.697572324e-06 -1.394703806e-06
  28 -17 1.516625685e-06 -1.908090436e-07
  28  18 -2.733540193e-07 -1.157078523e-06
  28 -18 -1.937514932e-06 -6.535037863e-07
  28  19 -1.819256983e-06 2.688727295e-07
  28 -19 1.226860577e-07 1.269260399e-06
  28  20 -6.796462208e-07 1.168597075e-06
  28 -20 1.19665853e-11 -1.61454857e-06
  28  21 -8.10631523e-07 8.466159187e-07
  28 -21 -7.581082113e-07 -1.24748322e-06
  28  22 -2.699209407e-07 2.907006971e-08
  28 -22 -9.791163955e-07 1.09405389e-06
  28  23 4.658435146e-07 -6.016728348e-07
  28 -23 -9.140768658e-08 1.935405108e-06
  28  24 -1.512512622e-06 -1.618755147e-06
  28 -24 9.142298841e-07 4.137566891e-08
  28  25 9.935940242e-07 1.014716665e-06
  28 -25 -2.207136019e-08 7.315042655e-08
  28  26 1.714084204e-06 1.747744117e-06
  28 -26 6.284938746e-07 1.223368602e-06
  28  27 7.552031487e-08 8.748752241e-08
  28 -27 -1.216844398e-06 1.831608329e-08
  28  28 6.530719756e-07 -4.10535757e-07
  28 -28 4.766442358e-08 -2.935581055e-07
  29   0 3.139732933e-06 1.547570422e-07
  29   1 -1.417351559e-06 5.848434425e-06
  29  -1 1.616258188e-06 -4.327256061e-06
  29   2 1.626315862e-06 2.353430914e-06
  29  -2 -1.358404064e-06 3.057449028e-06
  29   3 5.269385854e-06 -4.02446807e-06
  29  -3 -3.55880298e-06 4.575081026e-06
  29   4 -3.889840048e-06 2.257527378e-06
  29  -4 5.689433676e-08 1.124451478e-06
  29   5 4.221275088e-07 -2.445800916e-06
  29  -5 -3.088189609e-06 2.042723885e-06
  29   6 -6.339165815e-07 -4.605036707e-06
  29  -6 2.602785204e-06 -7.493477845e-07
  29   7 -4.62313411e-07 1.510592635e-06
  29  -7 9.010820207e-07 1.573782155e-06
  29   8 -1.256360973e-06 -7.417623251e-07
  29  -8 -1.094366457e-06 -3.314899644e-06
  29   9 2.472199123e-06 -9.393305075e-07
  29  -9 -2.275740521e-06 8.487640156e-07
  29  10 2.428907843e-06 -2.111450826e-06
  29 -10 -6.459034804e-07 -2.792309585e-06
  29  11 8.128405972e-07 2.204803893e-07
  29 -11 -5.573942639e-07 -4.104798508e-07
  29  12 -1.272831359e-06 -5.000406129e-08
  29 -12 -1.141049023e-06 -2.603234786e-06
  29  13 -1.385540065e-07 2.169660579e-06
  29 -13 1.366030425e-07 1.908282103e-06
  29  14 1.740019107e-06 1.06568585e-06
  29 -14 -9.475159513e-07 1.160545105e-06
  29  15 1.546899535e-06 2.112635547e-06
  29 -15 -2.2164094e-06 2.11045883e-06
  29  16 -7.739872856e-07 1.495219799e-06
  29 -16 -2.124046094e-07 -2.522063912e-07
  29  17 -1.618437046e-06 1.610105304e-06
  29 -17 1.428694447e-06 -4.942486391e-07
  29  18 -1.63928164e-06 -3.916759664e-07
  29 -18 3.515179764e-07 -6.282938066e-07
  29  19 -6.328698195e-07 1.469321771e-06
  29 -19 1.196250979e-06 -1.138857914e-06
  29  20 1.170074407e-06 9.166005396e-07
  29 -20 2.459090448e-06 -1.26350642e-07
  29  21 -1.281371475e-06 -9.390842486e-07
  29 -21 -1.985395359e-07 3.825746357e-07
  29  22 -9.548310719e-07 3.324899298e-07
  29 -22 4.230950388e-07 8.067264184e-07
  29  23 -6.658690652e-07 8.087724838e-07
  29 -23 -3.849345933e-07 2.19790734e-06
  29  24 -5.225824831e-07 -4.28063462e-07
  29 -24 -8.416249962e-08 5.822813716e-07
  29  25 6.514279377e-07 3.144064321e-09
  29 -25 3.600492329e-07 -1.958754406e-07
  29  26 5.026033783e-08 7.594739197e-07
  29 -26 9.251788764e-10 -1.370881656e-07
  29  27 1.791789831e-08 -1.363895438e-07
  29 -27 -4.272170773e-07 -8.296924936e-07
  29  28 2.300743984e-07 2.477073148e-07
  29 -28 -4.429712683e-07 1.08743928e-07
  29  29 -5.601297739e-07 -3.064050322e-07
  29 -29 4.982826464e-07 -2.854813014e-08
  30   0 -4.751552575e-07 -3.620280254e-06
  30   1 -2.776200823e-06 2.499940306e-06
  30  -1 5.556500345e-06 -5.759003279e-06
  30   2 4.63639801e-07 -1.861851414e-07
  30  -2 2.963769498e-06 3.811689742e-06
  30   3 3.482795381e-06 3.801385741e-06
  30  -3 -3.536221559e-07 3.486957497e-06
  30   4 1.721282122e-06 -9.985641557e-07
  30  -4 2.672522917e-06 5.062050596e-08
  30   5 9.188794708e-07 1.718018979e-06
  30  -5 -2.81109839e-06 6.33648712e-07
  30   6 3.971269663e-07 -1.551245692e-06
  30  -6 1.696961597e-07 4.697807315e-07
  30   7 -1.88885452e-06 7.154783975e-07
  30  -7 2.088511329e-06 -2.589867775e-06
  30   8 4.978103975e-07 -8.11568039e-07
  30  -8 -1.714243207e-08 -3.704074954e-07
  30   9 3.999027967e-07 -8.102808831e-07
  30  -9 -2.403727766e-06 1.654818926e-06
  30  10 9.944449873e-07 2.647847188e-06
  30 -10 -1.880299723e-06 4.573139017e-07
  30  11 -1.30795549e-07 -9.150842423e-07
  30 -11 -4.135698908e-07 -1.25357875e-06
  30  12 -9.73123108e-08 -7.165959276e-08
  30 -12 5.825188956e-07 -1.483739795e-06
  30  13 2.93165265e-07 1.068912618e-06
  30 -13 -1.972228087e-08 -3.4679347e-08
  30  14 -4.066621852e-07 2.111060167e-06
  30 -14 1.297663843e-07 2.23414967e-06
  30  15 8.006682647e-07 5.25357678e-07
  30 -15 8.656694571e-07 1.077265365e-06
  30  16 9.7362828e-07 -2.653086007e-07
  30 -16 -1.701013214e-07 1.665045243e-06
  30  17 6.88156072e-07 1.827451925e-07
  30 -17 -5.499689483e-07 -1.184484346e-06
  30  18 -3.107070108e-07 5.484065365e-07
  30 -18 1.038187608e-06 6.90541869e-07
  30  19 3.872737978e-07 5.39023362e-07
  30 -19 3.457908825e-08 1.611881625e-07
  30  20 -4.087263261e-08 -6.837302917e-07
  30 -20 4.725911223e-07 5.443666922e-07
  30  21 4.980699322e-07 -2.148346834e-07
  30 -21 6.780320055e-07 3.960214289e-07
  30  22 4.111885542e-07 -6.545421869e-07
  30 -22 1.35352184e-07 8.407564938e-08
  30  23 -1.81117221e-07 2.750655548e-07
  30 -23 7.183098958e-07 -6.646275083e-07
  30  24 1.627022825e-07 3.254623882e-07
  30 -24 -2.206917015e-07 1.848068674e-07
  30  25 -5.395896243e-07 -7.029241593e-08
  30 -25 -5.167071188e-07 -2.615879593e-07
  30  26 -8.805297535e-08 -2.153144405e-07
  30 -26 -2.350657977e-07 1.109642221e-07
  30  27 -4.684491371e-08 8.930946069e-08
  30 -27 -2.992822804e-07 -3.610390984e-07
  30  28 1.641129724e-07 -3.956704003e-07
  30 -28 1.330872987e-07 -6.712771653e-08
  30  29 -2.843963277e-07 -9.166937064e-08
  30 -29 -8.52240211e-08 -6.917575819e-08
  30  30 6.399040658e-08 2.75815685e-08
  30 -30 -2.178025093e-07 1.13623052e-07
