   1   0 0.004899860294 0.01896045305
   1   1 0.01348956302 3.689320344e-05
   1  -1 -0.001586695276 -0.02296259361
   2   0 0.01248459984 0.0253062577
   2   1 -0.04462658557 0.01095001893
   2  -1 0.02959913658 -0.01987482599
   2   2 0.07417256867 0.01154175441
   2  -2 -0.02012012779 -0.01865862193
   3   0 -0.01538917504 -0.03330530699
   3   1 -0.03595386139 -0.006442123278
   3  -1 0.0001408254854 0.01721192864
   3   2 -0.08462916894 -0.03282327775
   3  -2 -0.06188346639 0.0005174600569
   3   3 0.04098236559 -0.03570803376
   3  -3 0.07871214173 -0.03677819006
   4   0 0.03662234399 -0.007922324457
   4   1 -0.02395416005 -0.03995029978
   4  -1 -0.08829897111 -0.02578133872
   4   2 -0.003104869186 -0.0580455172
   4  -2 0.02887821963 0.03085412941
   4   3 -0.09120378043 0.06997667727
   4  -3 -0.07333642107 0.05386227107
   4   4 -0.04354814651 0.0219431408
   4  -4 0.05957937397 0.0104559957
   5   0 -0.003324836223 -0.005665468903
   5   1 -0.0588623347 0.008514854111
   5  -1 0.05465705003 0.007180258771
   5   2 0.02168567441 0.1000827008
   5  -2 0.06337481844 -0.0522012769
   5   3 0.02912493123 -0.05475228124
   5  -3 0.07213393541 -0.06295905754
   5   4 0.03606259656 -0.05566225388
   5  -4 -0.06224717701 0.01285111903
   5   5 -0.008615635758 -0.0007139335483
   5  -5 -0.03620860055 -0.0289949099
   6   0 -0.04553130642 -0.03005489675
   6   1 0.09493358479 -0.0302918306
   6  -1 -0.001968675317 0.04630762538
   6   2 -0.00930429971 -0.02550592964
   6  -2 0.01013012497 0.04400946414
   6   3 0.007409045225 -0.03632321475
   6  -3 -0.03438569146 0.04335860572
   6   4 -0.07643807816 0.01710011443
   6  -4 0.07103664862 0.06709311873
   6   5 0.02600728769 0.05287753943
   6  -5 0.04044792086 0.02848212319
   6   6 0.03537711613 0.02417657932
   6  -6 -0.008150328255 -0.003124898904
   7   0 0.02115193452 0.03090243612
   7   1 0.04177218049 0.0109293159
   7  -1 -0.02412088226 -0.01122723066
   7   2 -0.01142653569 -0.03351442212
   7  -2 -0.03959971775 0.05505126715
   7   3 -0.06630704169 0.03420981926
   7  -3 -0.0005887045755 -0.007538569461
   7   4 -0.02529330705 0.02357117108
   7  -4 0.04497807411 -0.02823971527
   7   5 -0.005517647353 -0.009094927038
   7  -5 -0.03264273748 -0.03246292691
   7   6 -0.05907519789 -0.003015752216
   7  -6 0.05745866154 -0.005872368638
   7   7 0.0410104618 -0.02913164216
   7  -7 0.0102665852 0.004094623185
   8   0 -0.01322252359 0.02055039713
   8   1 -0.03461338356 0.02214885181
   8  -1 0.01101565987 -0.001935588056
   8   2 0.00188154074 0.02720579439
   8  -2 -0.0644116653 0.006161933146
   8   3 -0.01435056575 0.01134514152
   8  -3 0.006901506489 0.01616261447
   8   4 0.02084830745 0.004164511786
   8  -4 0.03651193591 0.01057187756
   8   5 0.02704803017 -0.01715914043
   8  -5 0.05130311997 0.008214910932
   8   6 0.03813955281 0.009036307132
   8  -6 0.01540303931 0.04535451873
   8   7 -0.01785934522 0.03801799912
   8  -7 0.003236840783 -0.004283867787
   8   8 0.03759483492 -0.02244230557
   8  -8 0.0008506878608 -0.01164012323
   9   0 -0.01999250528 -0.0007582293524
   9   1 0.009760820688 0.01701701319
   9  -1 -0.009547911728 -0.004822342576
   9   2 0.02910934771 -0.005326171417
   9  -2 -0.008904226408 -0.002012612415
   9   3 0.008304762157 0.02251947002
   9  -3 -0.008027808421 0.03083470016
   9   4 -0.02142146263 -0.004751879559
   9  -4 0.01218365699 -0.009556832307
   9   5 0.02724028133 -0.01122260316
   9  -5 0.0193891783 0.0001259031884
   9   6 0.01061004269 0.003194267724
   9  -6 -0.01250098992 -0.00145428518
   9   7 0.01516644917 -0.01539309942
   9  -7 -0.003842387441 -0.01111350107
   9   8 -0.006503808888 -0.004670349791
   9  -8 -0.01966482761 0.01162954367
   9   9 0.0002495320145 -0.01380006161
   9  -9 0.001973653016 0.01120805897
  10   0 0.004132017265 -0.008166630127
  10   1 -0.02224716244 0.009496299217
  10  -1 0.01146659986 0.009747959132
  10   2 -0.02624957893 0.0109129376
  10  -2 0.006132154641 -0.006793088506
  10   3 -0.007344368095 0.03082609952
  10  -3 0.001788910624 0.005308110266
  10   4 -0.006835260642 0.01233062124
  10  -4 0.002634899415 0.008756003847
  10   5 0.002713833933 0.01301230836
  10  -5 0.007736397398 0.01833268343
  10   6 0.01832883878 0.007083578424
  10  -6 0.01712355501 0.02081876323
  10   7 0.02998477692 -0.004333734451
  10  -7 0.005805703285 0.009241901954
  10   8 0.01081472077 0.004532024418
  10  -8 0.01027587359 -0.0002222306605
  10   9 -0.008458583571 0.01786155656
  10  -9 0.01055811008 0.002819681145
  10  10 0.003084909131 -0.01011483001
  10 -10 0.004062231633 -0.009136460116
  11   0 0.002647857548 -0.002872174557
  11   1 -0.005728119658 -0.009875255416
  11  -1 -0.01315889216 0.007532737922
  11   2 -0.004430595008 0.007032261405
  11  -2 -0.0002215285892 0.007522073181
  11   3 0.01113384404 0.01215623544
  11  -3 0.0009993008995 -0.003312383801
  11   4 -0.003330882376 0.01722177722
  11  -4 -0.007142841698 0.0008425498902
  11   5 -0.00515125343 0.003042147789
  11  -5 -0.001646483143 0.009030240869
  11   6 -0.01808904033 0.01614409758
  11  -6 0.001428101843 0.01593770002
  11   7 -0.007869791818 0.01715583435
  11  -7 0.00806485085 -0.01390355792
  11   8 0.002691207433 -0.007085467121
  11  -8 -0.001945303608 -0.02714725474
  11   9 0.001393922674 -0.01672866154
  11  -9 -0.01023061724 0.007083496279
  11  10 -0.01280472757 -0.005604376894
  11 -10 0.002506525686 -0.007160114911
  11  11 0.007862032579 -0.003658052919
  11 -11 -0.007110264899 -0.00566957743
  12   0 0.001612194752 0.00242059209
  12   1 -0.02096405846 0.00126611795
  12  -1 0.001466499527 0.002714053623
  12   2 -0.007192894957 0.02333334109
  12  -2 0.006905734251 0.003848841687
  12   3 -0.0023479818 0.01579770868
  12  -3 0.009093691582 -0.008350940865
  12   4 0.01858943942 -0.004469365981
  12  -4 -0.01698401173 -0.008939448114
  12   5 -0.009829263523 0.009002408529
  12  -5 -0.004730622793 0.01324786181
  12   6 0.006934678265 0.009042563458
  12  -6 0.009572402642 0.004290402806
  12   7 0.02887533981 0.002485370582
  12  -7 0.01927302521 0.00921029307
  12   8 0.01785628413 0.008421852712
  12  -8 -0.006847660637 0.00971062155
  12   9 0.006486244239 0.01468559708
  12  -9 0.01101097032 0.001153522174
  12  10 0.01687560472 -0.005288997782
  12 -10 0.003699675071 -0.006069894709
  12  11 0.0003840297648 -0.007148265429
  12 -11 0.004905968821 -0.01313916968
  12  12 -0.002854924923 0.002962948128
  12 -12 0.003430087781 -0.00246611239
  13   0 -0.004190731951 -0.00124121767
  13   1 -0.002659931412 -0.003563174419
  13  -1 -0.006202456096 0.00245104769
  13   2 0.006847794083 0.003994320677
  13  -2 -0.004179041886 -0.0001674173519
  13   3 0.009405169057 0.01291148019
  13  -3 -0.002668787399 -3.893981209e-05
  13   4 0.007116713912 -0.0004400488072
  13  -4 -0.01019733526 -0.008435871442
  13   5 0.004139759363 0.01051802365
  13  -5 0.0005764127693 0.01200405782
  13   6 -0.007105427864 0.004138146234
  13  -6 0.00844344502 -0.004236920349
  13   7 -0.0008833259815 -0.0008334798766
  13  -7 0.01239790872 -0.0016010183
  13   8 0.006028809021 -0.005280792138
  13  -8 0.007304656181 -0.002532114187
  13   9 0.008725925919 -0.0097861307
  13  -9 -0.01573562727 -0.008272745696
  13  10 -0.002958261644 -0.002573728793
  13 -10 -0.01595830366 0.003964610465
  13  11 -0.008149167585 -0.00604391716
  13 -11 -0.0002513614805 0.0005098487231
  13  12 -0.009987945037 -0.001762651665
  13 -12 0.003841435945 -0.001881986367
  13  13 0.03478516834 0.01180617236
  13 -13 -0.003511778594 0.01787299628
  14   0 -0.005570558982 -0.005612169321
  14   1 -0.003757666172 0.003419897411
  14  -1 -0.004782571276 0.01085122469
  14   2 -0.00755329674 0.009249321717
  14  -2 0.007309910361 -0.003189005991
  14   3 0.002772383639 0.01791996746
  14  -3 0.009238575747 -0.009023654999
  14   4 0.006995416049 -0.002458015669
  14  -4 -0.007539665042 -0.01688354338
  14   5 -0.01211965965 -0.005555813073
  14  -5 -0.001811304646 0.00523725127
  14   6 -0.005184674643 0.009669846908
  14  -6 0.001975929895 0.00536168818
  14   7 0.01034903587 0.002928025563
  14  -7 0.007364795225 -0.006804510381
  14   8 0.0243536811 0.00739059586
  14  -8 -0.002507711722 -0.007123556079
  14   9 0.00550013116 -0.002356896805
  14  -9 -0.01265921684 0.008415885134
  14  10 0.006228067534 -0.00180963269
  14 -10 0.0004642799571 -0.001157724226
  14  11 0.005202672216 -0.003019029201
  14 -11 -0.005504862249 0.002970748311
  14  12 0.002925002855 -0.001254881412
  14 -12 -0.00347740873 -0.006488710595
  14  13 -0.002010317878 0.002473484218
  14 -13 0.002069739676 -0.003931451767
  14  14 0.002716553651 0.004704256863
  14 -14 -0.001069498485 0.00582380229
  15   0 0.0003484989071 -0.002982864569
  15   1 0.0005549331889 0.00303486379
  15  -1 -0.0001722933621 0.0001964790414
  15   2 0.001159396318 -0.003926112179
  15  -2 0.006297490253 0.003538826356
  15   3 0.006506773216 0.004062908777
  15  -3 -0.007496991769 -0.003993122563
  15   4 0.0009673099242 0.005877218607
  15  -4 -0.00664234724 -0.01220066415
  15   5 0.002124673207 0.0123367545
  15  -5 0.002943957316 0.004067012774
  15   6 -0.0002310445994 0.0163628632
  15  -6 0.0003316342436 -0.002983638028
  15   7 -0.001246764747 -0.0004026934255
  15  -7 -2.884657445e-05 0.005250701767
  15   8 0.003408968352 0.005946941561
  15  -8 -0.005065428129 0.004056697474
  15   9 0.004279967585 0.003882238311
  15  -9 0.001932635277 0.0002334608035
  15  10 0.00359539706 0.001367955855
  15 -10 -6.765470838e-05 -0.009667757799
  15  11 -0.008927281877 -0.007438959979
  15 -11 0.001782566013 -0.002812402257
  15  12 -0.003668924105 -0.005744627732
  15 -12 0.005626764946 0.005500659472
  15  13 0.01380523764 0.007790455842
  15 -13 -0.0004766513967 0.01197665907
  15  14 -9.21834237e-05 0.001866094517
  15 -14 -0.0001618218127 0.00410863636
  15  15 0.003181175184 -0.004339599164
  15 -15 0.00138071877 -0.001664596145
  16   0 -0.01000089203 0.01392020014
  16   1 0.006283211381 0.002082091865
  16  -1 -0.003143794444 0.00683263205
  16   2 -0.001288455569 -0.0004910542785
  16  -2 0.001848897155 0.007498442253
  16   3 0.005911618435 0.001640361185
  16  -3 0.002019464042 0.005033848158
  16   4 0.008664737349 -0.0006965202718
  16  -4 -0.006238895514 -0.01106541548
  16   5 -0.007244068642 -0.005156445408
  16  -5 -0.0008675533835 0.001011099894
  16   6 -0.00235432125 0.001572967067
  16  -6 -0.003096103739 0.006362249694
  16   7 0.002066311748 0.001653900755
  16  -7 0.002814263586 0.004817453007
  16   8 0.005568717362 0.005835718981
  16  -8 0.004719460534 -0.01053927337
  16   9 0.004362271384 -0.001140482803
  16  -9 -0.004167291364 -0.005124886287
  16  10 0.001365321021 -0.005578324695
  16 -10 7.224728038e-05 -0.002975377396
  16  11 -0.004049552 -0.001586627465
  16 -11 -0.005523261006 -0.0005837725099
  16  12 0.007607946193 0.001024566941
  16 -12 0.003369837608 -0.001734989759
  16  13 0.005909454182 -0.000507375001
  16 -13 -0.004878793127 -0.003429933407
  16  14 0.009293574751 -0.005703714711
  16 -14 0.000194346109 0.005044117093
  16  15 0.0009230414539 -0.002599391398
  16 -15 -0.001948009141 -0.002389302469
  16  16 0.0006244243853 0.000302055247
  16 -16 0.002072001451 -0.001759055455
  17   0 0.006190693164 -0.006960449319
  17   1 0.00135869822 0.002679020205
  17  -1 0.003705086671 0.004294067096
  17   2 -0.001508028994 -0.002175037564
  17  -2 -0.004511300734 -0.005279893972
  17   3 -0.005471598239 0.002732186746
  17  -3 -0.00159167588 0.003289143289
  17   4 0.008053279599 -0.0009737842444
  17  -4 -0.007448108658 -0.008581702319
  17   5 0.001913334764 -0.0001400579843
  17  -5 -0.001472503752 0.0005037180819
  17   6 0.003685405631 0.0003232152304
  17  -6 -0.0006149173396 -0.003886241675
  17   7 0.000888134717 -0.002631461575
  17  -7 4.115738402e-05 -0.007378415397
  17   8 0.002366296678 0.0009696983896
  17  -8 0.00438887758 -0.0009969492558
  17   9 -0.002593294953 0.004009175191
  17  -9 0.0007768471144 0.001600306413
  17  10 0.004847861354 0.00233142198
  17 -10 0.0002522799113 -0.004187944248
  17  11 0.002540103937 -0.001522890918
  17 -11 -0.003959653959 0.004502822217
  17  12 0.006707284315 0.003074572904
  17 -12 -0.006563283266 -0.0001370388033
  17  13 0.0005797775571 0.002488551383
  17 -13 -8.579004716e-05 0.004820372211
  17  14 0.005010886047 -0.001165951587
  17 -14 -5.997896041e-05 -0.0001362449178
  17  15 -0.002561994817 0.003894816323
  17 -15 0.0002307146641 0.001544671121
  17  16 0.002099790984 0.002776207204
  17 -16 0.0004075793536 0.001268941721
  17  17 -0.0005132772799 -0.002053690824
  17 -17 -0.001340350043 -0.0007331424432
  18   0 -0.002079734979 0.008564755953
  18   1 0.01124878791 0.004830658678
  18  -1 0.003747756982 0.0044537367
  18   2 -0.006487002463 -0.004856576172
  18  -2 -0.007063387116 0.003561575618
  18   3 -0.001661684848 0.004612045077
  18  -3 0.003183449607 0.007230093073
  18   4 0.003272601412 0.007732163493
  18  -4 -0.005773952513 -0.004514237538
  18   5 -0.002178324659 0.0007706975748
  18  -5 0.000839149984 -0.000629338141
  18   6 -0.001798332459 -0.002848089326
  18  -6 -1.261749283e-05 -0.001617805921
  18   7 0.001708404694 -0.004672295027
  18  -7 -0.001845532717 0.003415407549
  18   8 0.001200277172 0.003768772876
  18  -8 0.00324398135 -0.002848422494
  18   9 0.001278034931 -0.003855813015
  18  -9 0.001388289515 0.002964642719
  18  10 0.001652890857 0.0008229989279
  18 -10 -0.000641695546 0.0003194863714
  18  11 0.001393424659 0.0005038071395
  18 -11 0.0009745958282 -4.428080247e-05
  18  12 -0.002302748427 0.002552204383
  18 -12 -0.003237567838 -0.0004892797387
  18  13 -0.003137803424 -0.001747812935
  18 -13 -0.0001778417108 0.004046632993
  18  14 -0.004170676809 0.00215194645
  18 -14 -0.003358148754 0.002120425947
  18  15 -0.001524610346 0.003157941817
  18 -15 0.001250955585 -0.0001655541036
  18  16 0.00213873803 0.002432023121
  18 -16 -0.0003771404502 -0.0007529246518
  18  17 -0.003034634457 0.0009998989985
  18 -17 -0.0006194633794 0.003147061588
  18  18 0.0005570064512 0.0002159647946
  18 -18 -0.001751509524 0.001474398434
  19   0 0.006526571352 0.0007338894181
  19   1 0.003269104062 0.001350936108
  19  -1 -0.00576112636 0.009307079799
  19   2 -0.005653581818 -0.001105439949
  19  -2 -0.001622623573 0.006014290626
  19   3 -0.01012535553 0.004133144605
  19  -3 0.006677447714 0.006970724466
  19   4 -0.0002858308728 0.008825942284
  19  -4 0.0008717588619 -0.002447337463
  19   5 0.001712240001 -0.004119513147
  19  -5 -0.005317980912 0.0009256240895
  19   6 0.003664611282 -0.003180064693
  19  -6 -0.004724951819 0.001377909589
  19   7 0.003216189773 -0.002589700646
  19  -7 -0.001445582964 -0.00326607139
  19   8 0.000763497031 0.001574234541
  19  -8 0.004334907775 -0.005318010889
  19   9 0.003850791473 -0.003450364381
  19  -9 -0.003292126604 -0.0003148150353
  19  10 -0.003751656651 -0.001444558864
  19 -10 -0.001073180058 0.002533378731
  19  11 2.170500511e-05 -0.003679997312
  19 -11 0.0005531011369 0.002320061232
  19  12 -0.0004403327892 -0.001183544274
  19 -12 0.0001437054515 -0.003281238383
  19  13 0.0005637797283 0.001903411812
  19 -13 -0.003602607911 -0.0005423292761
  19  14 -0.004061525874 0.0006752290174
  19 -14 0.002776815925 -0.0002518745584
  19  15 -0.0002035891853 0.002060404064
  19 -15 -0.0001772854823 0.00233919873
  19  16 -6.985587456e-05 0.001466302811
  19 -16 0.003031961126 8.332821435e-05
  19  17 -0.000659568092 -0.002657618982
  19 -17 0.0007514645097 0.001804861865
  19  18 0.001295092451 -0.003084825055
  19 -18 -0.0003489213476 0.0001133394992
  19  19 -0.001267141448 -7.557167551e-05
  19 -19 0.0002739486185 -0.0008754977059
  20   0 -0.003482177062 0.004884415492
  20   1 0.004340435603 0.003437053478
  20  -1 0.002132632594 0.002507062051
  20   2 -0.0004406990685 0.003074017742
  20  -2 -0.004370829089 0.002489604947
  20   3 -0.00679637534 -0.003078509739
  20  -3 0.003970995431 0.004405068715
  20   4 0.001988230195 -0.005932521371
  20  -4 -0.001812957913 0.001874526102
  20   5 -0.0009955338049 -0.0002575770887
  20  -5 0.004515512301 -0.001015372967
  20   6 0.002261743996 0.001866504454
  20  -6 -0.0008508573937 -0.002869931991
  20   7 0.000630280223 -0.0004942518223
  20  -7 -0.003159952765 -0.0007214538482
  20   8 -0.002571678686 0.0008200884743
  20  -8 -0.000153156671 0.004178152955
  20   9 0.0004026006449 0.0008868533903
  20  -9 -0.0009283821707 -0.0003523535993
  20  10 0.002319960213 -0.001987602787
  20 -10 0.002840950825 -0.003110098295
  20  11 -0.001738759032 -0.002598952421
  20 -11 -0.00134999095 -0.00136574172
  20  12 -0.0005057019191 0.0008086714773
  20 -12 0.0009402840333 -0.003829546649
  20  13 0.000845915394 0.0007551481375
  20 -13 0.001160202163 -0.0004627700049
  20  14 -0.0002524719041 -0.002470740705
  20 -14 0.0003703143625 0.001239096702
  20  15 0.0003100750336 -0.001179893704
  20 -15 0.0005959051384 -0.0003399377186
  20  16 0.001384975904 0.0008775963288
  20 -16 -0.000723008495 -0.0001868128152
  20  17 -0.0003625498522 0.0009921012377
  20 -17 0.0005564801233 0.0002008281484
  20  18 -0.0007715818809 0.0008061517912
  20 -18 0.002498759916 -4.130300617e-05
  20  19 9.272231756e-05 -0.0009354623552
  20 -19 -0.0002694993244 -4.803766217e-06
  20  20 -0.0002440644527 0.0002111406962
  20 -20 -0.0003883815299 0.00088811934
  21   0 0.002050362034 0.001010366283
  21   1 0.00278753967 0.007928999573
  21  -1 -0.004573415273 0.002629998752
  21   2 0.003162799806 -0.001434799719
  21  -2 0.001195165413 0.0005310459482
  21   3 -0.004041078198 0.002385192285
  21  -3 0.004813015575 0.005881739391
  21   4 0.00172514788 -7.391495551e-05
  21  -4 0.002919428796 -0.00374464017
  21   5 0.002703746654 0.001686710382
  21  -5 0.002926122819 -0.001008094251
  21   6 0.003792279884 -0.001432784197
  21  -6 -0.00322184713 -0.001106197587
  21   7 -0.002181559336 -0.003673711217
  21  -7 -0.002808344352 0.001837335677
  21   8 0.001120144272 0.001359648257
  21  -8 -0.0003221238389 -0.0002900710018
  21   9 0.0003495025732 0.000297663711
  21  -9 0.002611203466 0.0003082448249
  21  10 -0.0003897993605 0.002162720235
  21 -10 -0.001282999836 -0.001557817509
  21  11 -0.002623501972 -0.001896039497
  21 -11 -0.001517730897 0.0009835363933
  21  12 -0.0007375677281 0.0008480118462
  21 -12 0.001218115334 0.001984866349
  21  13 0.002717224783 -0.001704516872
  21 -13 -0.0004037558633 -0.0003296980099
  21  14 0.001857840819 -0.001862535467
  21 -14 -0.0004061200216 0.001912800031
  21  15 0.0003468565219 -0.000407419231
  21 -15 0.001023743165 0.001250710043
  21  16 1.020981497e-05 0.000551833883
  21 -16 0.001050548138 0.002172783622
  21  17 0.0001092233997 -0.0001910242819
  21 -17 -0.001007124737 -0.0006890021495
  21  18 0.0003889872958 0.0009789149813
  21 -18 -0.000624790497 0.0004301233057
  21  19 0.0009522827555 -0.001196343113
  21 -19 0.0001220342846 0.0003907490757
  21  20 0.0001263525957 -0.0001772109042
  21 -20 1.766776577e-05 0.0003050326363
  21  21 -0.0004270859475 -0.0003520953702
  21 -21 0.0002948596397 -0.0002337340038
  22   0 0.0009217161761 -0.001707446662
  22   1 0.0001052823203 5.60430971e-06
  22  -1 0.003941521601 0.001328579242
  22   2 0.002327077107 0.001368066882
  22  -2 0.001810053923 -0.0003368190494
  22   3 -0.002279292955 0.005015797617
  22  -3 0.0002378885825 0.0009057718052
  22   4 0.0007643569655 -0.000140284569
  22  -4 0.0009409847409 0.003010910703
  22   5 0.0002252295191 9.770288582e-06
  22  -5 0.001307761514 0.003863938061
  22   6 -0.000212240332 -0.001324686312
  22  -6 -0.003878037181 -0.001653854947
  22   7 0.001093284174 -0.0003438560756
  22  -7 -0.001066377915 -0.001304789839
  22   8 0.0004345961853 7.08885129e-05
  22  -8 -0.001089937433 0.00084438901
  22   9 0.0003358633718 -0.0009772154205
  22  -9 0.001393676775 0.003268775128
  22  10 -0.0008776644262 -2.604609998e-05
  22 -10 0.001032135355 0.002006453206
  22  11 0.00295273645 -0.0004208224622
  22 -11 -0.000416212769 -0.0008886122487
  22  12 -0.0003021936582 -0.0007578054023
  22 -12 -0.0007027161137 0.0009438952858
  22  13 -0.0005250309638 -0.0008759506921
  22 -13 5.283189452e-05 0.0002537875951
  22  14 0.0003766453553 0.0004926309207
  22 -14 0.0002030206797 5.743314129e-05
  22  15 -0.0004972057509 -0.0005659464372
  22 -15 -0.0006955600009 0.0003954855919
  22  16 -0.0005374969556 -0.001566057808
  22 -16 -0.0001128965266 0.001012106021
  22  17 -0.0003507270594 9.866834167e-05
  22 -17 -0.0002725892837 6.264574825e-05
  22  18 0.0004342316972 0.0001237581588
  22 -18 -0.0002619078158 -0.001299738741
  22  19 7.921427055e-05 -0.0002345680399
  22 -19 0.0002114481866 -0.000407495504
  22  20 0.0001265254604 -0.0001125229567
  22 -20 4.063951692e-06 -0.001351627424
  22  21 1.904139391e-06 -0.0003977446424
  22 -21 0.0004171602706 -0.00056382202
  22  22 0.0002036117806 -0.0004212335097
  22 -22 -0.0002526609462 -5.201904874e-05
  23   0 0.002329030144 -0.000450861159
  23   1 -0.001382053214 0.003573104313
  23  -1 -0.00145012637 0.002620307163
  23   2 0.00197656413 0.001792986725
  23  -2 -0.0001960001668 0.0008702912063
  23   3 -0.001395647598 -0.0009816040023
  23  -3 0.0004008817911 0.00397817678
  23   4 -0.001080619078 -0.002397692712
  23  -4 0.002614529508 0.0005421022683
  23   5 0.0005137231087 -5.828791554e-05
  23  -5 0.001888742176 2.789444263e-05
  23   6 3.054843931e-05 0.001636457778
  23  -6 0.0005082462527 -0.001967892821
  23   7 0.0004757291734 0.0002695112369
  23  -7 -0.002467147223 -0.0001946621518
  23   8 -0.0005430251285 -0.0005110853688
  23  -8 -0.001711786641 0.001918256593
  23   9 0.0009624529984 -4.867576255e-05
  23  -9 -0.0001160488541 0.0008500146188
  23  10 0.00187837902 -0.0006939101237
  23 -10 0.001862739897 -0.0002511564073
  23  11 6.717820467e-05 0.0001454570555
  23 -11 0.0007357453107 -0.0006273145773
  23  12 -0.0008275005431 0.0005340161301
  23 -12 0.0006585163993 -0.0002312753544
  23  13 -0.0007478784155 0.0001666753693
  23 -13 0.0003122748416 0.00073972017
  23  14 -4.918690682e-05 0.0008016114889
  23 -14 -0.00109374127 -0.0005470783043
  23  15 -4.188151995e-05 -1.817736477e-06
  23 -15 -0.0007058812527 -0.001125274045
  23  16 -0.0004236454559 0.0006053124689
  23 -16 -0.0009461994632 -0.0003897712978
  23  17 -0.0002022750418 0.0007133842652
  23 -17 0.001044166127 0.0003616109998
  23  18 0.0002579643993 0.0001786390828
  23 -18 0.0005528405786 0.0001871583846
  23  19 -0.0001424532604 0.0004128753748
  23 -19 0.0007206725434 -7.371695144e-05
  23  20 0.0001952420549 -0.0002770297355
  23 -20 -2.002361672e-05 0.0002378686856
  23  21 0.0006000247766 -0.000163345601
  23 -21 0.0004560113728 -0.0002636730055
  23  22 -0.0001989931269 -0.0001197537447
  23 -22 0.0002307211545 0.0003645956769
  23  23 -0.0002314799207 -4.402253048e-05
  23 -23 -5.670233172e-05 -0.0001921596564
  24   0 0.0004970040721 -0.0003042488989
  24   1 4.605048029e-05 -0.0005174800604
  24  -1 0.002059483388 0.0008656924703
  24   2 0.0003901476667 -0.00120962266
  24  -2 -0.0006783290977 0.00112306611
  24   3 -0.0013993855 0.0001600113366
  24  -3 0.000141233799 -7.901201174e-05
  24   4 0.000784672824 -0.0002985002522
  24  -4 0.0003615668296 -0.0005541392054
  24   5 0.0001712017082 -0.0003255028066
  24  -5 0.001319815767 0.002063389012
  24   6 0.0003587888972 0.000478237789
  24  -6 -0.0007802711238 0.001022149634
  24   7 -0.001135871057 -0.001109868329
  24  -7 0.000110360972 -0.0002852779997
  24   8 0.0003887465969 -9.417985038e-05
  24  -8 -2.483491742e-05 -0.001869807943
  24   9 -0.0005866173626 0.00142394606
  24  -9 -0.0002096460743 -0.001163572549
  24  10 -0.0006080651867 0.001646166189
  24 -10 -0.0001158247384 0.0006152526913
  24  11 -0.0004636615035 0.0004483228763
  24 -11 0.0004420291082 0.001316083526
  24  12 0.001016013802 -4.240799591e-05
  24 -12 -0.0001331577193 4.199654543e-05
  24  13 0.0008198556379 -0.0006335800106
  24 -13 -0.0006677324657 -0.0001618570535
  24  14 0.0001177793878 -0.0001100432841
  24 -14 -0.000197707256 -0.0002369598163
  24  15 0.0002187068072 0.0006059007655
  24 -15 0.00033121118 -0.0002316869268
  24  16 -0.0004124907602 0.0006087229318
  24 -16 0.0008847201611 -0.0003772541752
  24  17 0.0001274639607 0.00025528687
  24 -17 4.236534245e-05 0.0004546236947
  24  18 -0.0001740242962 -0.000710542211
  24 -18 0.0001814011162 0.0006400459645
  24  19 -0.0004669701334 -7.722347068e-05
  24 -19 -0.0003815905675 0.0004469214347
  24  20 -0.0003726033085 -7.653877864e-05
  24 -20 0.0002981649124 0.0002367953477
  24  21 -0.0001107107295 0.0001820101442
  24 -21 -5.982636526e-05 0.0003594711451
  24  22 -0.0001824976212 0.0001379990687
  24 -22 9.028333618e-05 0.0002403621328
  24  23 0.0001418230285 6.399490665e-05
  24 -23 0.0001733174866 -0.0001388700079
  24  24 -0.0001164469374 0.0001505700182
  24 -24 0.0001024259826 -1.51593366e-05
  25   0 -0.0003940473863 -0.001386704479
  25   1 0.0008812574437 0.001140288548
  25  -1 -0.0005168462124 0.001322852641
  25   2 0.000940423848 0.0008108632904
  25  -2 -0.0006518836097 0.0007252569324
  25   3 -0.0007355858688 0.001029217743
  25  -3 0.0004170269715 0.0006313991168
  25   4 -0.000504877421 -0.001296191759
  25  -4 -5.294675507e-05 0.002155090527
  25   5 0.0004752775375 -0.0006779672517
  25  -5 0.0002334407071 0.0001889711388
  25   6 0.0003171202732 -0.0006163929939
  25  -6 0.001082804064 -0.0007561608316
  25   7 -0.0004425828592 0.0001990975233
  25  -7 0.0001314615889 -0.0009050816038
  25   8 -0.0005581401799 -0.0001478001918
  25  -8 -0.0003553874918 -0.0002838125635
  25   9 7.604745117e-06 0.0007408951977
  25  -9 7.666108687e-05 0.0002463952493
  25  10 -8.011505895e-06 0.0003828866638
  25 -10 -8.216253785e-05 5.787259526e-05
  25  11 0.0005598664917 -4.691846527e-06
  25 -11 -9.715578346e-05 0.0002589293739
  25  12 0.0003572901613 -0.000302280959
  25 -12 -0.0003367220142 -0.0005721546165
  25  13 -4.691336428e-05 -0.0001518691663
  25 -13 -9.138845773e-05 -0.0003728553771
  25  14 -0.0001154641632 -0.0002433796202
  25 -14 0.000811978102 0.0001205252487
  25  15 -3.59645735e-05 0.0001840545428
  25 -15 0.0001310773415 0.0001595053322
  25  16 -3.2467908e-06 -0.0005226170076
  25 -16 0.0001693813989 -0.0004806321613
  25  17 6.254499474e-05 -0.0002407141502
  25 -17 -0.0007827430082 0.0001850289702
  25  18 -0.0001809721129 0.0001527267128
  25 -18 -0.0004157174069 -0.0001894641061
  25  19 -5.221096319e-05 -2.590800492e-05
  25 -19 -0.0002507904827 -0.000330235951
  25  20 2.557583062e-05 0.0001143901084
  25 -20 -0.0001952157972 4.261275832e-05
  25  21 -0.0001157609681 7.309154005e-05
  25 -21 -0.0002137882117 0.0001427876267
  25  22 -0.0001927950439 -1.144685734e-05
  25 -22 9.820427343e-06 -1.789773467e-05
  25  23 0.0001113145169 4.349834566e-05
  25 -23 0.000329243232 7.934734512e-05
  25  24 -2.882578745e-05 0.0002090268431
  25 -24 -5.18224844e-05 1.286485937e-05
  25  25 -7.558525757e-07 -4.038416702e-05
  25 -25 0.0001305438501 3.68857707e-06
  26   0 0.000485565581 -0.0003820326413
  26   1 0.0003780530462 0.0003358391481
  26  -1 0.000394739952 0.0001952655945
  26   2 0.0001940344782 -0.00180726218
  26  -2 -0.0006020726724 0.0009906312655
  26   3 -0.0008671266393 0.0001546138513
  26  -3 0.0001982437612 5.514191965e-05
  26   4 -0.0001343425447 -8.134043739e-05
  26  -4 0.0004918492774 0.0002429140484
  26   5 0.0004368597064 0.0002155698664
  26  -5 0.000200691068 -0.0005249453958
  26   6 5.69377309e-05 0.0002470930299
  26  -6 6.088454324e-06 -0.0005912725169
  26   7 -8.769796316e-05 -0.0001216502493
  26  -7 -0.001029745844 0.00053851345
  26   8 -0.0001346534051 -4.889786637e-05
  26  -8 -0.0004177439074 9.835359137e-05
  26   9 0.0006278578267 -0.000458346206
  26  -9 -5.452578287e-05 -0.0005630211781
  26  10 0.0003754149456 -4.209062143e-05
  26 -10 -0.0001729375382 -0.0001984704853
  26  11 -0.0001187661109 0.0002030746764
  26 -11 0.0001894077626 8.722422165e-05
  26  12 -0.0001796931361 0.000287866708
  26 -12 -5.651878796e-05 0.0004137230841
  26  13 -0.0002823947702 0.0002885005603
  26 -13 -0.0002488832651 -2.078733772e-05
  26  14 3.180872367e-05 -0.0001454865963
  26 -14 -4.835306571e-05 -0.0002531842959
  26  15 9.333743842e-05 -0.0003747697802
  26 -15 -0.0001142912781 0.0001232790368
  26  16 0.0003442812475 -0.0002491978533
  26 -16 -8.212013615e-05 -8.370798773e-05
  26  17 -6.079442484e-05 -0.0002746125443
  26 -17 4.959851914e-05 -0.0003248783719
  26  18 0.0001782749726 0.0002164441454
  26 -18 -0.0001283421365 -2.264273206e-05
  26  19 0.000185008038 -0.0001419141777
  26 -19 -0.0001157823312 -0.0001583829989
  26  20 0.0001226942216 6.176286205e-05
  26 -20 -5.662142274e-05 4.02009455e-05
  26  21 -5.217037129e-05 -5.775505452e-05
  26 -21 3.259997648e-05 1.17830626e-05
  26  22 3.58376784e-05 -5.554396307e-05
  26 -22 0.0001181278137 -8.158150763e-05
  26  23 -3.667686241e-05 2.908958435e-05
  26 -23 1.45629225e-05 -1.525624622e-05
  26  24 -5.203482886e-05 -2.647259584e-05
  26 -24 0.0001070573441 2.471602854e-05
  26  25 -1.36262859e-05 4.94811944e-05
  26 -25 8.284100267e-05 -1.572415561e-05
  26  26 -2.930332011e-05 -9.137703417e-06
  26 -26 1.430759019e-05 5.244849486e-05
  27   0 0.0005386272569 0.0006061451188
  27   1 -0.000573949491 -0.0003900165863
  27  -1 -0.0002081955533 0.0004139601601
  27   2 5.24854004e-05 -0.0006549695303
  27  -2 -0.0002649191601 0.0004551087145
  27   3 -0.0006560481837 0.0008454970775
  27  -3 8.923975787e-05 -0.0002091679001
  27   4 3.147086337e-05 -0.0002489119462
  27  -4 -7.967212543e-05 0.0002456792854
  27   5 8.196383905e-06 -0.0001229260084
  27  -5 0.0002976262803 0.0003004167221
  27   6 0.0001581872894 0.0001527208904
  27  -6 0.0003342929809 0.0004093539188
  27   7 2.923530231e-05 4.576508986e-05
  27  -7 0.0006032713533 -4.057169721e-05
  27   8 0.0003751407657 -0.0001054926594
  27  -8 9.02333695e-05 -0.0003466392839
  27   9 -0.0001173519776 0.0002892566606
  27  -9 -0.0002949700933 -0.0002440109823
  27  10 -0.000225510616 0.0001236360246
  27 -10 -0.0001413591292 9.323869361e-05
  27  11 0.0002305120248 9.164711762e-05
  27 -11 4.120355602e-05 4.67092766e-06
  27  12 0.0001008919337 9.916601644e-06
  27 -12 3.170418533e-05 0.0001132035006
  27  13 -0.0001036979272 -1.852580855e-05
  27 -13 0.0001009655146 1.170966537e-05
  27  14 -0.0002531465146 0.0001040016053
  27 -14 2.163653928e-05 0.0002292029369
  27  15 1.802792507e-05 4.248447719e-05
  27 -15 -0.0001023089369 9.434585726e-05
  27  16 0.0001234353989 -2.60813092e-06
  27 -16 -0.0001831231063 4.09676932e-05
  27  17 -9.231325499e-05 -0.0002086705019
  27 -17 -1.866545225e-05 -2.988244059e-05
  27  18 3.357594819e-05 -5.378089679e-05
  27 -18 0.0001241673882 3.823513406e-05
  27  19 2.509206629e-05 0.0001531284924
  27 -19 -1.00623014e-05 0.0001601065414
  27  20 2.655261078e-05 6.393498295e-05
  27 -20 6.020154864e-05 -2.18955549e-05
  27  21 -7.879746006e-06 -1.2664327e-05
  27 -21 4.861825018e-05 -6.625583236e-05
  27  22 5.709201217e-05 -1.806330318e-05
  27 -22 -5.687936118e-05 -2.275303182e-05
  27  23 9.925503623e-05 -4.464922273e-05
  27 -23 -7.703360105e-05 -4.63245816e-05
  27  24 -7.151201791e-05 -3.623267073e-05
  27 -24 2.365305391e-05 4.379753186e-06
  27  25 -5.976383225e-05 -9.584277264e-06
  27 -25 1.34712071e-05 1.065903079e-05
  27  26 -1.761342496e-05 -2.161171819e-05
  27 -26 9.123445503e-06 2.589448653e-05
  27  27 -2.241264471e-05 1.207082204e-05
  27 -27 -3.693177588e-05 1.010799292e-05
  28   0 0.0002130211821 -0.0003168732459
  28   1 -0.0001748877472 -7.036081576e-05
  28  -1 0.0001135237159 8.449017086e-05
  28   2 -0.0002655576552 -0.0007519601189
  28  -2 -9.244816837e-05 7.5284575e-05
  28   3 -0.0004513270772 0.0002243381228
  28  -3 -4.18840722e-05 0.0001596409198
  28   4 0.0001974116615 -0.0003644511602
  28  -4 0.0001049628721 6.91660158e-05
  28   5 3.76354543e-05 -0.0002741225878
  28  -5 -6.35568288e-05 -6.324744663e-07
  28   6 3.073168355e-05 -5.959700901e-05
  28  -6 6.606187137e-05 -3.421712941e-05
  28   7 -9.265305982e-05 -0.0001417122232
  28  -7 0.0001732287375 -0.0001716642369
  28   8 -0.0003424153259 0.0001045548352
  28  -8 -6.792340353e-05 -1.136173347e-05
  28   9 -5.172702083e-05 1.150738685e-05
  28  -9 -2.51528313e-05 -2.472363402e-06
  28  10 0.00017335727 0.0001557224499
  28 -10 7.824416077e-05 -5.730069656e-05
  28  11 4.682588904e-05 1.377722788e-05
  28 -11 -0.0003021420074 -0.0001579114116
  28  12 -2.960555227e-06 8.421604883e-05
  28 -12 0.0001179028821 -0.0001403025321
  28  13 3.739284316e-05 0.000194415606
  28 -13 4.51743643e-05 3.272369472e-06
  28  14 2.31212886e-05 3.223811712e-05
  28 -14 -1.576206591e-05 0.000158135623
  28  15 6.893064124e-05 8.798720903e-05
  28 -15 -4.89163371e-05 0.000107488177
  28  16 -4.880790496e-05 -9.768992913e-06
  28 -16 -0.0001221484872 3.720644115e-05
  28  17 -4.868052013e-05 0.0001688316756
  28 -17 -7.983432623e-05 0.0001242240065
  28  18 -9.588902303e-05 -4.714725935e-05
  28 -18 5.527781431e-05 2.205520966e-05
  28  19 -2.161835847e-05 8.902269601e-05
  28 -19 9.538646064e-05 -3.730919511e-05
  28  20 9.976839672e-06 -1.088903919e-05
  28 -20 -8.767354797e-06 -8.196970839e-06
  28  21 5.537316214e-05 -1.037427798e-05
  28 -21 -2.414576204e-05 -2.983624602e-05
  28  22 -5.271026757e-05 2.3602086e-05
  28 -22 1.320906213e-05 -2.788209452e-05
  28  23 4.889581252e-05 -3.302247885e-05
  28 -23 1.897999627e-05 7.296758328e-06
  28  24 1.15320599e-05 3.549335755e-06
  28 -24 8.421320414e-06 8.241706849e-07
  28  25 9.156178149e-06 -2.784669347e-05
  28 -25 4.350513991e-05 4.563438894e-06
  28  26 -3.105841084e-05 -4.406078374e-05
  28 -26 -1.548391376e-05 -1.419069175e-05
  28  27 1.786042079e-05 1.972125235e-05
  28 -27 -1.649464824e-07 -1.84404957e-06
  28  28 -1.589581773e-05 -8.780356109e-06
  28 -28 3.869473294e-06 -1.172650727e-05
  29   0 0.0001607158008 -2.913073374e-05
  29   1 -8.459410513e-05 4.383327117e-05
  29  -1 -8.198276976e-05 -1.371032287e-06
  29   2 -0.0001678948646 -0.000173019148
  29  -2 0.0001484589284 0.0001541089828
  29   3 -0.0002361062908 0.0001260060609
  29  -3 1.256697804e-05 0.0001643402999
  29   4 4.639552798e-06 -3.351007489e-05
  29  -4 -0.0001114774677 2.326689191e-05
  29   5 -4.195219401e-05 -3.144471706e-05
  29  -5 -9.326327243e-05 -0.0001255786958
  29   6 9.537760616e-05 -2.548713641e-05
  29  -6 0.0001124098268 0.0001298558809
  29   7 -7.642272474e-05 9.293845207e-06
  29  -7 0.000240896323 0.0001963873623
  29   8 -3.377814588e-05 -0.0001114141452
  29  -8 0.0001296363397 -1.345391993e-05
  29   9 0.0001025252666 -5.826318708e-05
  29  -9 4.461639004e-05 -0.0001369963282
  29  10 3.273069746e-05 8.245273477e-05
  29 -10 -5.058499869e-05 -0.0001234782458
  29  11 -2.158804558e-05 0.0001381647493
  29 -11 3.305156343e-05 -1.932912557e-05
  29  12 9.43791657e-06 -5.978055179e-06
  29 -12 -9.038179401e-05 7.489741229e-05
  29  13 0.0001380281532 -3.806871345e-06
  29 -13 -6.223244601e-05 3.165965694e-05
  29  14 9.108554607e-05 4.583356943e-06
  29 -14 -6.053133004e-05 -0.0001001390633
  29  15 -3.007799482e-05 -4.36440493e-05
  29 -15 0.000109347224 -7.525317979e-05
  29  16 -5.584206864e-05 5.749068635e-05
  29 -16 6.107389729e-05 -5.108508066e-05
  29  17 1.040746592e-05 0.0001289601704
  29 -17 6.511887079e-05 1.35596282e-05
  29  18 -7.900601667e-06 -3.498163177e-05
  29 -18 -2.879173401e-05 -1.435908032e-06
  29  19 -4.497667522e-05 -9.59701929e-05
  29 -19 4.980527397e-05 1.558916976e-05
  29  20 -6.229653551e-05 -2.926963307e-05
  29 -20 3.76761619e-05 9.069224735e-06
  29  21 1.42915042e-06 5.69637504e-07
  29 -21 -2.705595474e-05 -2.233208776e-05
  29  22 1.463426108e-05 9.442934282e-06
  29 -22 4.914530364e-05 4.622224464e-06
  29  23 -3.652705636e-05 6.975497398e-06
  29 -23 -5.001630801e-05 3.018167539e-05
  29  24 3.022983988e-05 9.718143334e-06
  29 -24 4.251636656e-06 -2.377484782e-05
  29  25 2.045744992e-05 -8.480168571e-06
  29 -25 8.005350458e-06 -2.261909406e-05
  29  26 -2.951000549e-05 -1.008556865e-06
  29 -26 -1.620777229e-05 1.984188734e-05
  29  27 1.332638355e-05 1.253524693e-05
  29 -27 -1.777474125e-05 -1.2036351e-05
  29  28 2.460379625e-05 1.298143451e-05
  29 -28 8.370852318e-06 -3.395155371e-06
  29  29 -1.619675348e-05 1.475361359e-05
  29 -29 -8.122507268e-07 6.977607816e-06
  30   0 -1.642314125e-05 -0.0001282905139
  30   1 -7.130255884e-05 -2.112381085e-05
  30  -1 -7.84410013e-06 -3.100546688e-05
  30   2 -0.0002109709825 -0.0003895607056
  30  -2 -2.648805366e-05 0.0001909117951
  30   3 -9.056242481e-06 9.215747022e-05
  30  -3 -5.524572521e-05 -1.818420087e-06
  30   4 -2.551701727e-05 -2.685710762e-06
  30  -4 7.364965204e-05 5.124913044e-05
  30   5 -2.281119353e-05 2.129405078e-05
  30  -5 -0.0001422670603 -5.612877965e-06
  30   6 0.0001268950908 -0.0001055598959
  30  -6 0.0001602580593 -1.764824332e-05
  30   7 1.643429291e-05 -4.854973275e-05
  30  -7 5.760915234e-05 -5.826716324e-05
  30   8 -5.263662779e-05 -4.564973964e-05
  30  -8 1.575051448e-07 -6.281242084e-06
  30   9 -1.291248536e-05 -3.256889806e-05
  30  -9 -7.320090754e-05 -6.542346005e-05
  30  10 3.600959921e-05 -2.745144794e-05
  30 -10 1.690182577e-05 1.887950507e-05
  30  11 6.118258295e-05 7.072350417e-05
  30 -11 7.282794678e-06 -4.936407499e-05
  30  12 -5.135917667e-05 -8.586714944e-05
  30 -12 -5.370778681e-05 2.613832425e-05
  30  13 -1.05135421e-05 -1.384025403e-05
  30 -13 4.764802602e-05 -2.439411157e-05
  30  14 -8.775954919e-05 1.722453624e-05
  30 -14 4.926185792e-05 -0.0001387868251
  30  15 -2.917801471e-05 -3.914679721e-05
  30 -15 -1.041277452e-05 -7.00623821e-05
  30  16 3.130279846e-05 6.259166397e-05
  30 -16 1.471339852e-05 -1.476301587e-05
  30  17 -1.293909661e-05 -3.637150591e-05
  30 -17 8.734595852e-07 -5.151033488e-05
  30  18 -5.210732932e-06 -8.752843977e-06
  30 -18 -4.22348649e-05 -1.043561393e-05
  30  19 -9.221240911e-06 -3.969355051e-05
  30 -19 2.681791629e-05 3.356025068e-05
  30  20 -3.209777343e-07 -1.691171717e-06
  30 -20 2.256240027e-05 1.660864347e-05
  30  21 -1.129615648e-05 -1.179450933e-05
  30 -21 1.704175761e-06 2.499882079e-05
  30  22 8.566390004e-06 1.176617256e-06
  30 -22 -1.444891739e-05 5.361611002e-05
  30  23 -2.567825668e-05 2.790384259e-05
  30 -23 -5.194212244e-06 1.601966607e-05
  30  24 4.488464492e-05 -1.697978552e-05
  30 -24 -1.631203816e-06 1.176787041e-05
  30  25 -2.824937428e-05 4.116973611e-06
  30 -25 -2.624413659e-05 7.953704578e-06
  30  26 1.536874894e-05 1.561851928e-08
  30 -26 -5.741422853e-06 7.25231907e-06
  30  27 5.130146588e-06 -1.752667979e-05
  30 -27 1.325737136e-05 7.096639222e-07
  30  28 2.285354691e-06 9.625524488e-06
  30 -28 5.368405869e-06 2.169569561e-05
  30  29 5.198267892e-06 -5.072804706e-06
  30 -29 -4.772895509e-06 1.777437659e-05
  30  30 9.092934119e-06 1.896460363e-06
  30 -30 -1.973458662e-06 1.03870845e-06
