# Estimated on 22-Dec-2023 01:51:29       
# Reference: Grayver, A., Finlay, C. C., & Olsen, N. (2024). Magnetic signals from oceanic tides: new sat-ellite observations and applications. 
# Philosophical Transactions of the Royal Society of London, doi: 10.1098/rsta.2024.0078. Preprint arXiv:2404.03504 
# Estimated intercept 0                                                       
# Phase given with respect to the Greenwich meridian                          
# First data line: N_max T (in hours)                                         
# Subsequent data lines: degree n   order m   a_n^m/b_n^m   c_n^m/d_n^m       
# where m >= 0 correspond to the cosine time dependent terms a_n^m resp c_n^m,
# and m < 0 correspond to the sine time dependent terms b_n^m resp d_n^m.     
   28 12.4206                                                                 
    1     0  0.052402561  0.089942282
    1     1  0.026347837  0.000943529
    1    -1 -0.028995603 -0.017673655
    2     0 -0.019435561  0.033230356
    2     1 -0.031436220  0.002790371
    2    -1  0.029928038 -0.009622013
    2     2  0.010574029  0.021731480
    2    -2  0.001105137  0.003754579
    3     0  0.011284934 -0.013750838
    3     1 -0.017608627 -0.033023917
    3    -1 -0.021533836  0.002608312
    3     2 -0.041615227 -0.065136917
    3    -2 -0.026574910 -0.024849555
    3     3  0.055670004 -0.009432278
    3    -3  0.072477314  0.011128480
    4     0  0.028659326  0.023185992
    4     1  0.001666858 -0.020069486
    4    -1 -0.037896281 -0.066407613
    4     2  0.025598366 -0.043382583
    4    -2  0.015102499  0.029140025
    4     3 -0.089426696  0.008933128
    4    -3 -0.071639041 -0.005365714
    4     4 -0.058642544 -0.000679777
    4    -4  0.042482432  0.038217068
    5     0  0.004327938  0.004511314
    5     1 -0.042525029 -0.026634502
    5    -1  0.019783712  0.023320016
    5     2 -0.033539062  0.074382557
    5    -2  0.078602497 -0.002839865
    5     3  0.067979914 -0.026525204
    5    -3  0.075402748 -0.020579780
    5     4  0.058468918 -0.028321141
    5    -4 -0.060370151 -0.017635230
    5     5 -0.009310030 -0.009905709
    5    -5 -0.005287893 -0.037396509
    6     0 -0.015473597 -0.031890152
    6     1  0.076966921  0.042165312
    6    -1 -0.008628286  0.023742314
    6     2  0.009283975 -0.012476207
    6    -2 -0.001200590  0.028341861
    6     3  0.039772949 -0.017335247
    6    -3 -0.041558242  0.004389626
    6     4 -0.063661088 -0.022619960
    6    -4  0.012734602  0.083977591
    6     5 -0.008477367  0.051811945
    6    -5  0.020229560  0.039425876
    6     6  0.007132249  0.030313896
    6    -6 -0.005940677 -0.005856472
    7     0  0.000692658  0.033130886
    7     1  0.021228783  0.023822687
    7    -1 -0.015335299 -0.020546439
    7     2 -0.002832140 -0.030108340
    7    -2 -0.045764570  0.028070275
    7     3 -0.050407189 -0.004259137
    7    -3  0.002129008 -0.008980758
    7     4 -0.021981536 -0.002883204
    7    -4  0.032495355  0.004726115
    7     5  0.002022775 -0.013443201
    7    -5 -0.006589902 -0.034845260
    7     6 -0.039733511 -0.034897894
    7    -6  0.059692084  0.021838868
    7     7  0.050339904 -0.000095644
    7    -7  0.003781939 -0.003314597
    8     0 -0.010902286  0.013116724
    8     1 -0.034644004  0.012681879
    8    -1  0.014219542 -0.005481776
    8     2 -0.003062590  0.031580417
    8    -2 -0.027581873 -0.026465254
    8     3  0.008519680  0.004891930
    8    -3 -0.002898794  0.004340962
    8     4  0.009277625  0.014752578
    8    -4  0.009680769  0.025483237
    8     5  0.024534875  0.007158391
    8    -5  0.035846931  0.023905415
    8     6  0.018488614  0.015614307
    8    -6 -0.011288976  0.034940127
    8     7 -0.032697130  0.021828705
    8    -7  0.012144184 -0.002924962
    8     8  0.030729776  0.004714964
    8    -8  0.017705920 -0.013253685
    9     0 -0.016443407 -0.010062374
    9     1 -0.005334600  0.019039636
    9    -1  0.007138898 -0.004074678
    9     2  0.015650667  0.003769135
    9    -2  0.007398136  0.002524744
    9     3  0.001751493  0.015629820
    9    -3 -0.016146675  0.014752400
    9     4 -0.005535133 -0.011399345
    9    -4  0.007302326  0.001806930
    9     5  0.023126546  0.006862666
    9    -5  0.013381177  0.007252691
    9     6  0.008213863  0.004022410
    9    -6 -0.005104425 -0.010242385
    9     7  0.019664822  0.000319622
    9    -7 -0.001923991 -0.013542190
    9     8 -0.000544217 -0.001326455
    9    -8 -0.018662161 -0.000836938
    9     9  0.006974035 -0.005677291
    9    -9  0.002496342  0.003999886
   10     0  0.006290835 -0.004267738
   10     1 -0.015841617  0.002822400
   10    -1 -0.000754946  0.005953185
   10     2 -0.018661831  0.005210455
   10    -2  0.018935775 -0.000369775
   10     3 -0.000235712  0.010464380
   10    -3 -0.003947171 -0.007847113
   10     4 -0.017083594  0.002418519
   10    -4 -0.011154956  0.012416285
   10     5 -0.004658623  0.012875804
   10    -5  0.001680411  0.013749548
   10     6  0.007094331  0.008406428
   10    -6  0.003246373  0.015133080
   10     7  0.018917731  0.016399246
   10    -7  0.002254199  0.007654105
   10     8  0.007177103  0.006841019
   10    -8  0.004021957  0.002078702
   10     9 -0.010700955  0.009034093
   10    -9  0.010523942  0.003299464
   10    10  0.007122596  0.002024856
   10   -10  0.000236962 -0.010187335
   11     0 -0.000746301  0.000651606
   11     1 -0.003816088  0.000326414
   11    -1  0.000789057  0.002906036
   11     2 -0.005099674  0.003379453
   11    -2  0.006522871  0.012518393
   11     3  0.006278390  0.006845356
   11    -3  0.000523007  0.000675334
   11     4 -0.002315222  0.009735367
   11    -4 -0.006639269  0.002386377
   11     5 -0.004351946  0.001157627
   11    -5 -0.008243579  0.001570544
   11     6 -0.015040564 -0.003145000
   11    -6  0.000862378  0.006095887
   11     7 -0.008873746  0.007856924
   11    -7  0.010240769 -0.007404421
   11     8  0.006566452 -0.004489931
   11    -8  0.010037026 -0.013214570
   11     9  0.004382279 -0.015156503
   11    -9 -0.009720337  0.001447632
   11    10 -0.006132275 -0.008368844
   11   -10 -0.003439153 -0.001679402
   11    11  0.006625887  0.006265737
   11   -11 -0.009451737  0.000286611
   12     0  0.000860263  0.001922758
   12     1 -0.009104319 -0.004226839
   12    -1  0.003030588  0.000668260
   12     2 -0.011764922  0.019747526
   12    -2  0.008233760  0.008145428
   12     3  0.005371578  0.010050328
   12    -3  0.011089217 -0.016026087
   12     4  0.006612509  0.000182958
   12    -4 -0.013190219 -0.004424936
   12     5 -0.009494346  0.008925120
   12    -5  0.000303494  0.012428105
   12     6  0.001088270  0.008068514
   12    -6  0.007326400 -0.001794197
   12     7  0.016906254  0.014170343
   12    -7  0.007435309  0.012902513
   12     8  0.009329982  0.012022355
   12    -8 -0.006212311  0.001132457
   12     9  0.003398488  0.014328982
   12    -9  0.009381942  0.004378994
   12    10  0.017937476  0.009468523
   12   -10  0.000763958 -0.000867692
   12    11  0.003883504 -0.000637856
   12   -11  0.002599174 -0.007589859
   12    12  0.006857557 -0.002157866
   12   -12 -0.007182398  0.002826790
   13     0 -0.003154974 -0.008698710
   13     1  0.001737869  0.007047093
   13    -1  0.000136776 -0.000316189
   13     2  0.002269351  0.006117086
   13    -2  0.003038615  0.005618190
   13     3  0.000869180  0.005514818
   13    -3 -0.007340097  0.001906388
   13     4  0.002159763  0.002313636
   13    -4  0.000668480  0.002621929
   13     5 -0.000139361  0.006398213
   13    -5 -0.006509697  0.003573356
   13     6 -0.005868912 -0.006012311
   13    -6  0.011543228 -0.001267218
   13     7 -0.001901561  0.000784521
   13    -7  0.005936922  0.004039816
   13     8  0.005214050 -0.001773875
   13    -8  0.006291003  0.003623744
   13     9  0.007598012 -0.003221413
   13    -9 -0.002672450 -0.009622807
   13    10 -0.001311721 -0.001426709
   13   -10 -0.008051053 -0.008551292
   13    11 -0.001352111 -0.010075970
   13   -11 -0.000364935  0.003560239
   13    12 -0.008261688 -0.006654719
   13   -12  0.001857754  0.003047686
   13    13  0.001934253  0.009189135
   13   -13 -0.011425648  0.005622593
   14     0  0.004026678 -0.005399751
   14     1 -0.003347659  0.001406167
   14    -1 -0.004608433 -0.002973528
   14     2 -0.006315995  0.006320747
   14    -2  0.007500054  0.008472492
   14     3  0.000311790  0.013557176
   14    -3  0.015037929 -0.013255725
   14     4  0.007119656 -0.001628279
   14    -4 -0.001961234 -0.006206993
   14     5 -0.000427639  0.000091989
   14    -5  0.000587886  0.007070920
   14     6 -0.001743731  0.005462656
   14    -6 -0.000335349 -0.004916903
   14     7  0.003617958  0.006945712
   14    -7  0.005626363 -0.002993393
   14     8  0.008502416  0.012365424
   14    -8  0.001667186 -0.005684291
   14     9  0.004380168  0.004288106
   14    -9 -0.010313268 -0.001799296
   14    10  0.011428496  0.002283775
   14   -10 -0.000972211  0.000009790
   14    11  0.008758954  0.002921464
   14   -11 -0.006771822 -0.002340485
   14    12  0.003278033 -0.000155212
   14   -12 -0.000344815 -0.003555501
   14    13  0.004677207 -0.005493996
   14   -13  0.001976103 -0.003685993
   14    14  0.001924320 -0.000899792
   14   -14  0.000765780  0.003890540
   15     0 -0.003161434 -0.009343758
   15     1  0.002994880  0.006041693
   15    -1 -0.000915102 -0.001488317
   15     2 -0.001715133  0.007295427
   15    -2  0.005316403  0.006474382
   15     3  0.007495927  0.002294057
   15    -3 -0.006599873 -0.005250299
   15     4 -0.006133380  0.001415297
   15    -4 -0.000147602  0.001626541
   15     5 -0.002216221  0.005208880
   15    -5  0.003791308  0.004363174
   15     6 -0.006986666  0.004439857
   15    -6  0.004883480 -0.002791925
   15     7 -0.002932105 -0.000467778
   15    -7 -0.003137284  0.003479313
   15     8  0.002730261  0.003280664
   15    -8 -0.002038787  0.002992777
   15     9 -0.001930678  0.004100032
   15    -9  0.002343601  0.002057279
   15    10  0.001092273  0.003359388
   15   -10  0.006287193 -0.007987112
   15    11  0.000613846 -0.010881077
   15   -11 -0.001655281 -0.001206616
   15    12 -0.006289302 -0.006054075
   15   -12 -0.003235067  0.006499600
   15    13 -0.002270320  0.005705756
   15   -13 -0.004830536  0.006592404
   15    14 -0.002271434 -0.001499980
   15   -14  0.000203795  0.003162813
   15    15  0.000818679  0.000172208
   15   -15 -0.002824178 -0.000290148
   16     0 -0.003562147  0.000600636
   16     1  0.001403160  0.002700166
   16    -1 -0.007389490 -0.006616285
   16     2  0.003603306 -0.001307355
   16    -2  0.000486437  0.011248497
   16     3  0.004753287  0.006578329
   16    -3  0.002264961 -0.001424650
   16     4  0.009529952  0.000589091
   16    -4 -0.001039458 -0.006503729
   16     5  0.002041012  0.001529246
   16    -5 -0.001137310  0.001689084
   16     6  0.003440306  0.002729177
   16    -6 -0.004533926 -0.004250746
   16     7  0.000124134  0.004907715
   16    -7 -0.005282056  0.000553861
   16     8 -0.004140919  0.001742149
   16    -8  0.005209155 -0.003861241
   16     9  0.003921281  0.003381890
   16    -9 -0.000264594 -0.004469538
   16    10  0.007326280  0.000423400
   16   -10 -0.000392506 -0.001800024
   16    11  0.001753769 -0.002041123
   16   -11 -0.008872007 -0.006580923
   16    12  0.005549127  0.001387857
   16   -12  0.001415337 -0.000770020
   16    13  0.010184785 -0.003110144
   16   -13 -0.007158393 -0.008644873
   16    14  0.006598117  0.000587531
   16   -14 -0.005149647  0.000522363
   16    15 -0.000154267 -0.003737393
   16   -15 -0.003142923 -0.006915201
   16    16  0.000862291 -0.003585149
   16   -16 -0.001308189 -0.002339332
   17     0  0.005252732 -0.005122835
   17     1  0.007799722 -0.004421154
   17    -1  0.002127919  0.000597589
   17     2 -0.004319043  0.003882974
   17    -2 -0.001230046  0.000891244
   17     3  0.004237817  0.004422154
   17    -3 -0.000633252 -0.006831767
   17     4  0.005663483 -0.002982581
   17    -4 -0.006636469 -0.002892693
   17     5  0.001725380 -0.001408931
   17    -5  0.000796663  0.003272384
   17     6  0.001707695  0.002117562
   17    -6  0.003995121  0.002264985
   17     7 -0.001374388  0.003361086
   17    -7  0.003457030 -0.001987033
   17     8  0.003264958 -0.002368803
   17    -8  0.004121118  0.001763867
   17     9 -0.003739236  0.001316461
   17    -9  0.001042600 -0.000278056
   17    10  0.000509914  0.003332583
   17   -10  0.005447376 -0.005099132
   17    11  0.004954431 -0.005524348
   17   -11 -0.006585525 -0.001085581
   17    12 -0.000245179  0.002495190
   17   -12 -0.010038806 -0.003301112
   17    13 -0.007147439  0.000571303
   17   -13 -0.007287700 -0.000599714
   17    14  0.001749390  0.000459784
   17   -14  0.000904607  0.004064401
   17    15 -0.001924650  0.002622187
   17   -15 -0.000989782  0.004019571
   17    16 -0.000655489  0.004860693
   17   -16  0.001685723  0.003534786
   17    17 -0.001809298  0.001028546
   17   -17  0.006441803 -0.001420077
   18     0 -0.001259383 -0.000777919
   18     1  0.002703467  0.004637326
   18    -1 -0.004001008 -0.001461995
   18     2 -0.002422320 -0.003134508
   18    -2  0.000442000  0.004334169
   18     3  0.002117625  0.000999933
   18    -3 -0.004217254  0.003655346
   18     4  0.000093672  0.003068327
   18    -4 -0.002078521 -0.003070917
   18     5 -0.000040126  0.003874967
   18    -5  0.000923165 -0.004953806
   18     6  0.004079617  0.000100286
   18    -6  0.000595484 -0.003621648
   18     7  0.001349862  0.001067929
   18    -7 -0.004869001 -0.000611341
   18     8 -0.006592705 -0.001348971
   18    -8 -0.000685791  0.001391588
   18     9  0.002887820  0.002892099
   18    -9 -0.002563931  0.001400619
   18    10  0.003779866  0.004185672
   18   -10  0.000043878 -0.000874571
   18    11  0.002556516  0.001013535
   18   -11 -0.003833680 -0.005327273
   18    12  0.000748258 -0.001657859
   18   -12 -0.003572314 -0.000272861
   18    13  0.004859513 -0.003975777
   18   -13 -0.004188632  0.000035121
   18    14 -0.003857448 -0.003063030
   18   -14 -0.007381608 -0.000751618
   18    15 -0.002139009  0.000389699
   18   -15 -0.000642453 -0.001857175
   18    16  0.001092804 -0.000872907
   18   -16 -0.005483785 -0.003548128
   18    17 -0.000530375 -0.002755426
   18   -17 -0.004877235  0.000093571
   18    18 -0.007526187  0.000399649
   18   -18  0.001314315  0.005932575
   19     0  0.002896630  0.007092535
   19     1  0.007409254 -0.006270556
   19    -1 -0.004121135 -0.002096798
   19     2 -0.001245963 -0.001875880
   19    -2 -0.005359596  0.010652664
   19     3 -0.002200079  0.002754916
   19    -3  0.003921801 -0.002053078
   19     4  0.005301745  0.000489116
   19    -4 -0.005077067 -0.003522501
   19     5  0.000859225 -0.002309565
   19    -5 -0.008374106 -0.001216873
   19     6  0.000208535  0.000251391
   19    -6 -0.002450665  0.006089328
   19     7 -0.001893285  0.006217521
   19    -7  0.001726381  0.001406514
   19     8  0.005153806 -0.000118510
   19    -8  0.006335617 -0.002619076
   19     9  0.002542730  0.000019119
   19    -9 -0.001292327 -0.000162931
   19    10 -0.005923798 -0.003204740
   19   -10  0.001421214  0.000429473
   19    11  0.003254293 -0.004991311
   19   -11 -0.002631743  0.003477738
   19    12 -0.001497669  0.000292346
   19   -12 -0.000244426 -0.001236763
   19    13 -0.004180214 -0.000600832
   19   -13 -0.005710790 -0.005091597
   19    14 -0.004460502 -0.003074063
   19   -14  0.000567765  0.004205815
   19    15 -0.003329316  0.003048737
   19   -15 -0.000541861  0.004768899
   19    16 -0.005823453  0.006078121
   19   -16  0.000947018  0.004436990
   19    17  0.000642867 -0.003505217
   19   -17  0.003070369 -0.001375458
   19    18  0.001852769  0.001550063
   19   -18 -0.000737288 -0.000058376
   19    19 -0.001429660 -0.001362093
   19   -19 -0.002765352  0.001882565
   20     0 -0.005458716  0.000197894
   20     1  0.004157177 -0.000872261
   20    -1 -0.000450633  0.004033369
   20     2 -0.003304408  0.007884504
   20    -2 -0.001021709  0.001452809
   20     3  0.002239026 -0.003390885
   20    -3 -0.002604856  0.003098709
   20     4  0.001719318 -0.003132316
   20    -4 -0.003341135  0.004199234
   20     5 -0.000146840  0.004212180
   20    -5  0.004123343 -0.004223022
   20     6  0.004857301  0.001649597
   20    -6  0.004201315 -0.005734880
   20     7  0.001128782  0.001331788
   20    -7 -0.003392277 -0.003967197
   20     8 -0.007211903 -0.003115792
   20    -8 -0.005193455  0.004538695
   20     9 -0.001150936  0.002956637
   20    -9 -0.002554543  0.000855408
   20    10  0.002868279  0.003100261
   20   -10  0.001836664  0.001912566
   20    11  0.000454975 -0.000432738
   20   -11 -0.003042411 -0.008033590
   20    12  0.000103963 -0.000560953
   20   -12  0.000954198 -0.003861132
   20    13  0.004301927 -0.003667243
   20   -13  0.002045729 -0.001177120
   20    14  0.002605544 -0.001283460
   20   -14 -0.003501251 -0.000011442
   20    15 -0.000400010 -0.002535547
   20   -15 -0.000359311 -0.002660074
   20    16  0.003713799 -0.003304274
   20   -16 -0.004724310 -0.001877827
   20    17 -0.000419717 -0.001479038
   20   -17 -0.004308415 -0.003326215
   20    18 -0.006390268 -0.002098793
   20   -18 -0.000582991  0.001627890
   20    19 -0.005225430  0.003926644
   20   -19 -0.000681604 -0.002246894
   20    20 -0.003330847  0.000558313
   20   -20  0.005706754 -0.001084527
   21     0 -0.000772558  0.006397404
   21     1  0.000215876  0.002654323
   21    -1 -0.003674037 -0.003711613
   21     2  0.004456056 -0.002003390
   21    -2 -0.003045337  0.008620438
   21     3  0.000183703 -0.000161582
   21    -3 -0.002983002  0.001213709
   21     4  0.005089165 -0.003200261
   21    -4  0.000868392 -0.003165129
   21     5 -0.000556507  0.002757761
   21    -5 -0.005322487 -0.001205689
   21     6 -0.001262358  0.002101565
   21    -6 -0.002622276  0.002346131
   21     7 -0.003335159  0.004789216
   21    -7 -0.003059079  0.004480382
   21     8  0.005285475  0.002131344
   21    -8  0.000549353 -0.003465078
   21     9  0.000575504  0.000399300
   21    -9 -0.000149068  0.001927366
   21    10 -0.004830595 -0.001422005
   21   -10  0.002346471 -0.001484573
   21    11 -0.001897332 -0.006868944
   21   -11 -0.000041289  0.002596093
   21    12 -0.003574357 -0.000121762
   21   -12 -0.001280336  0.003530234
   21    13  0.000009315  0.003224271
   21   -13 -0.003944283 -0.003788818
   21    14  0.000190556 -0.001839226
   21   -14 -0.003860040  0.000145203
   21    15  0.000960145 -0.000516254
   21   -15 -0.000386877  0.002882614
   21    16 -0.004277625  0.004016974
   21   -16 -0.001887538  0.002808923
   21    17 -0.001059367  0.000960187
   21   -17  0.002809358 -0.002087363
   21    18  0.002591516  0.004777915
   21   -18  0.001886854 -0.002443024
   21    19  0.004493968  0.001396163
   21   -19 -0.001916825  0.000167388
   21    20 -0.000051600 -0.001384571
   21   -20 -0.001728310  0.001355697
   21    21  0.000515290  0.002591499
   21   -21  0.002118452  0.002429217
   22     0 -0.000240261  0.003565074
   22     1  0.002399001 -0.003907787
   22    -1  0.003666527  0.003343202
   22     2 -0.000628401  0.009025122
   22    -2  0.001624178  0.002935456
   22     3 -0.001415424  0.003464091
   22    -3 -0.002635546 -0.004149308
   22     4 -0.001079199 -0.003825547
   22    -4 -0.005118191  0.002457563
   22     5 -0.001108584  0.001823176
   22    -5  0.000763803  0.003476315
   22     6  0.004945540  0.000447079
   22    -6 -0.000016131 -0.003242109
   22     7  0.001859727  0.001322671
   22    -7 -0.001606968 -0.004026873
   22     8 -0.003387612 -0.004073120
   22    -8 -0.005899335  0.002994177
   22     9 -0.003689284  0.003206224
   22    -9 -0.001022597  0.005023972
   22    10 -0.000892673  0.003018543
   22   -10 -0.000849326  0.005846869
   22    11  0.003237088  0.005217481
   22   -11 -0.003292045 -0.006830132
   22    12 -0.001064740 -0.000331305
   22   -12 -0.000895875 -0.002540448
   22    13  0.005072167 -0.001287304
   22   -13 -0.002684424  0.000829152
   22    14  0.003196448  0.001235892
   22   -14 -0.003062354 -0.000595500
   22    15  0.001111143 -0.003368825
   22   -15 -0.003218461 -0.003602020
   22    16  0.000469444 -0.005769173
   22   -16 -0.003435782 -0.000951356
   22    17 -0.001699650 -0.006057349
   22   -17 -0.004037085 -0.000336929
   22    18 -0.002709061 -0.002309396
   22   -18 -0.001794311  0.001668138
   22    19 -0.002888217 -0.000113485
   22   -19 -0.000198416  0.001454404
   22    20 -0.001993168 -0.000320327
   22   -20  0.005172628 -0.000505667
   22    21  0.001509561  0.001108692
   22   -21  0.000297549  0.001521087
   22    22 -0.003780041  0.001943236
   22   -22 -0.000891029  0.003015534
   23     0 -0.002900306 -0.000908292
   23     1 -0.004626129  0.003747848
   23    -1 -0.001909552  0.000286436
   23     2  0.002963012  0.003148389
   23    -2  0.001828593  0.001864099
   23     3  0.004933642 -0.003598599
   23    -3 -0.008177269  0.002813828
   23     4 -0.002542281 -0.005600733
   23    -4  0.001745657  0.004316262
   23     5  0.000934662  0.003646585
   23    -5  0.001169680  0.000484894
   23     6 -0.000574804  0.001175331
   23    -6  0.002569126 -0.003446574
   23     7 -0.000959463  0.003589820
   23    -7 -0.002542713  0.000157330
   23     8  0.003298460  0.003405786
   23    -8 -0.003322285 -0.001912074
   23     9  0.000401809  0.002448811
   23    -9 -0.002646254  0.001962952
   23    10 -0.000037413 -0.000149041
   23   -10  0.002412949 -0.000801775
   23    11 -0.001733688 -0.005056444
   23   -11  0.004558994  0.000242098
   23    12 -0.003287856  0.000636823
   23   -12  0.002744409  0.003415572
   23    13 -0.004729304  0.000587898
   23   -13 -0.002076485  0.001088421
   23    14 -0.001551992  0.002552173
   23   -14 -0.001509928  0.000476082
   23    15 -0.000336184 -0.001309633
   23   -15  0.001530090 -0.001219000
   23    16 -0.003549729  0.000840635
   23   -16 -0.004027211 -0.000737404
   23    17 -0.005553638  0.001321332
   23   -17  0.001398466 -0.000529101
   23    18 -0.003220108  0.007034264
   23   -18  0.000976755 -0.000224202
   23    19  0.002548538  0.003881854
   23   -19  0.002189563 -0.003271336
   23    20  0.001469432 -0.000458281
   23   -20 -0.002772183  0.000831696
   23    21 -0.000224199  0.005113698
   23   -21  0.001221696 -0.000711208
   23    22  0.001056534 -0.001530564
   23   -22  0.000882530 -0.001285973
   23    23 -0.000756432 -0.002455476
   23   -23 -0.001351584  0.002114653
   24     0  0.000123642  0.002813535
   24     1  0.003541145 -0.001676317
   24    -1 -0.000958305 -0.000337652
   24     2  0.000801537  0.000782154
   24    -2 -0.002633760  0.003362568
   24     3 -0.002609636 -0.000313092
   24    -3 -0.002491377 -0.003338360
   24     4 -0.000851535 -0.002110919
   24    -4 -0.001498904 -0.000435111
   24     5 -0.001020237  0.000900010
   24    -5 -0.002475610  0.004356288
   24     6 -0.000228051  0.002312168
   24    -6 -0.002916617  0.001626642
   24     7 -0.002412931 -0.000311987
   24    -7 -0.001386818 -0.001948984
   24     8 -0.001905840 -0.002119720
   24    -8  0.000173152  0.000214415
   24     9 -0.003529842  0.004016493
   24    -9  0.003790248  0.000594546
   24    10 -0.003569523  0.004102730
   24   -10 -0.003933603  0.002822716
   24    11 -0.001005628  0.004333257
   24   -11 -0.004269545 -0.000395685
   24    12  0.000539111  0.000662342
   24   -12 -0.000963587 -0.002879127
   24    13  0.005125144 -0.001176896
   24   -13 -0.003716580 -0.001925108
   24    14 -0.000168624  0.000678825
   24   -14 -0.002047163 -0.002061085
   24    15 -0.001891581  0.000410475
   24   -15 -0.001143433 -0.003543473
   24    16 -0.002975825 -0.003595594
   24   -16 -0.002509175  0.000772806
   24    17 -0.001139150 -0.001136711
   24   -17 -0.003031472  0.000664859
   24    18 -0.000063372 -0.004046695
   24   -18 -0.000218954  0.006196882
   24    19  0.000237804 -0.002218016
   24   -19 -0.003308565  0.004082761
   24    20 -0.004981120 -0.000450423
   24   -20  0.004964735  0.003312795
   24    21 -0.001371943 -0.002227178
   24   -21  0.001924823  0.003303937
   24    22 -0.002461987  0.002399634
   24   -22 -0.000351101  0.002326650
   24    23 -0.001109614 -0.001381074
   24   -23 -0.000848109 -0.004230679
   24    24 -0.002950825 -0.002655357
   24   -24  0.000777494 -0.003189919
   25     0 -0.002459052 -0.003497916
   25     1 -0.003796498  0.000495421
   25    -1 -0.001103986  0.002741146
   25     2  0.002172409  0.005623105
   25    -2  0.000686271 -0.001420912
   25     3  0.004816275 -0.003706733
   25    -3 -0.003481433 -0.000213949
   25     4 -0.001050926 -0.003930785
   25    -4 -0.001169416  0.007180639
   25     5  0.002592316  0.002637758
   25    -5  0.004774236  0.003054414
   25     6  0.002211896  0.000086392
   25    -6  0.004831407 -0.005746141
   25     7  0.000384700 -0.000995321
   25    -7 -0.002779709 -0.000901570
   25     8  0.001206421  0.002093545
   25    -8 -0.003483969 -0.001853715
   25     9 -0.003645733  0.003987194
   25    -9 -0.003906698  0.001591166
   25    10 -0.001865432 -0.001377230
   25   -10 -0.002614894 -0.001156726
   25    11  0.000022069 -0.002552240
   25   -11  0.001633479 -0.000869983
   25    12  0.000515417 -0.000445294
   25   -12  0.002230238  0.000717420
   25    13 -0.001397505 -0.000545382
   25   -13  0.001039282  0.000152759
   25    14 -0.000710988 -0.000547160
   25   -14  0.003192809  0.003784854
   25    15  0.002352187 -0.002010496
   25   -15  0.001769723  0.000788069
   25    16  0.001031784  0.000035969
   25   -16 -0.000466910 -0.001332178
   25    17 -0.001889374 -0.004720822
   25   -17 -0.003175898 -0.000470293
   25    18 -0.001942963  0.002138675
   25   -18 -0.000023871 -0.002295601
   25    19 -0.000655680  0.000834906
   25   -19 -0.000852825 -0.003523968
   25    20 -0.000964344  0.001566993
   25   -20 -0.002256302 -0.001313683
   25    21 -0.002326556  0.004386193
   25   -21 -0.000095713 -0.001926825
   25    22  0.001651477 -0.000004085
   25   -22 -0.001105769 -0.000701322
   25    23  0.002584421 -0.002058734
   25   -23  0.000465189  0.000326986
   25    24  0.000682585  0.002227232
   25   -24  0.000806824 -0.000035510
   25    25 -0.003178807  0.001195867
   25   -25  0.002024135  0.003712451
   26     0 -0.000826611 -0.000927911
   26     1  0.001335980  0.003958163
   26    -1 -0.003537569 -0.002066916
   26     2  0.002009209 -0.001579007
   26    -2 -0.000702229  0.000974683
   26     3 -0.002283759 -0.002800427
   26    -3 -0.001736718  0.003088872
   26     4 -0.002311816 -0.000255361
   26    -4  0.000949397  0.000370512
   26     5  0.000783109  0.000813224
   26    -5  0.002010271 -0.000967234
   26     6 -0.002224007  0.000684183
   26    -6 -0.003179996 -0.000709092
   26     7 -0.003114029  0.003017710
   26    -7 -0.002557968  0.000237741
   26     8 -0.002967393 -0.001244360
   26    -8 -0.000056066  0.002072111
   26     9  0.001027992  0.003108241
   26    -9  0.003525287 -0.000107103
   26    10  0.000620166  0.000936648
   26   -10 -0.001485572 -0.001822685
   26    11 -0.001912525  0.003099270
   26   -11 -0.002506241 -0.001081636
   26    12 -0.004295265  0.001207065
   26   -12 -0.000551740 -0.002494519
   26    13  0.001299300  0.001238697
   26   -13 -0.002825911 -0.002571801
   26    14  0.002219015  0.000368705
   26   -14 -0.002613559 -0.001216179
   26    15  0.001414173  0.000147487
   26   -15 -0.001490547 -0.002298961
   26    16 -0.000251983 -0.001724121
   26   -16 -0.004843173 -0.000594966
   26    17 -0.002852098 -0.002719411
   26   -17 -0.001989772  0.000248837
   26    18  0.000304034 -0.000354278
   26   -18 -0.000555213  0.003759402
   26    19 -0.001542295 -0.001118517
   26   -19 -0.001145374  0.002066352
   26    20 -0.002646331 -0.000908230
   26   -20  0.000922538  0.005103454
   26    21 -0.000163429  0.001652392
   26   -21  0.001031653  0.004560553
   26    22 -0.004066459  0.000644418
   26   -22  0.001910956  0.001976166
   26    23  0.000611112  0.000090178
   26   -23  0.001541249 -0.000951246
   26    24 -0.003352169  0.000258074
   26   -24  0.001086934 -0.000314696
   26    25  0.000602729  0.000887589
   26   -25  0.001535091  0.001166392
   26    26 -0.000826474 -0.000451180
   26   -26  0.000752183  0.000197154
   27     0 -0.000915095 -0.000588207
   27     1 -0.002801774 -0.002179539
   27    -1  0.000589913  0.002230750
   27     2  0.002884882  0.000492972
   27    -2 -0.000543335 -0.000847356
   27     3  0.002085271 -0.001474431
   27    -3 -0.000898117 -0.001585851
   27     4  0.001348239 -0.001363691
   27    -4 -0.002095701  0.002235374
   27     5 -0.000192433  0.001316905
   27    -5  0.003973428  0.005267212
   27     6  0.002819672  0.000830879
   27    -6  0.002370099 -0.000030256
   27     7  0.002935455 -0.003640630
   27    -7 -0.002418672 -0.000156260
   27     8 -0.000402942 -0.000005900
   27    -8 -0.000993987 -0.001304959
   27     9 -0.003532926  0.000057679
   27    -9 -0.001298264 -0.000146144
   27    10 -0.000692134  0.001184324
   27   -10 -0.002095961 -0.000557251
   27    11 -0.001839443 -0.000230924
   27   -11  0.002612594 -0.001075127
   27    12  0.000266218  0.000069413
   27   -12  0.000132923  0.000812956
   27    13 -0.002167686  0.002707445
   27   -13 -0.001365514  0.002075386
   27    14 -0.000371911  0.000140531
   27   -14  0.003087238  0.003642867
   27    15  0.002086468 -0.000343262
   27   -15  0.000657974  0.001141459
   27    16 -0.000319658  0.000324140
   27   -16 -0.002078766 -0.000295889
   27    17 -0.001187469 -0.004656889
   27   -17 -0.000264776 -0.000227254
   27    18 -0.001660727 -0.001649392
   27   -18 -0.000082613 -0.000123142
   27    19 -0.001979504 -0.000199146
   27   -19  0.000329035 -0.001375743
   27    20 -0.002954283  0.000625567
   27   -20  0.002021166  0.001461328
   27    21 -0.001452096  0.002536890
   27   -21  0.001734953 -0.002064347
   27    22  0.001948593  0.001415689
   27   -22  0.000428963 -0.001827491
   27    23 -0.000271389 -0.000803931
   27   -23 -0.001885225 -0.001391209
   27    24  0.000957160  0.000899363
   27   -24 -0.003744277  0.001259974
   27    25 -0.002719093 -0.001053243
   27   -25 -0.001789218  0.000842621
   27    26  0.001458319 -0.001856809
   27   -26 -0.001050488  0.001794245
   27    27  0.002887783 -0.000846812
   27   -27 -0.002566183  0.001967245
   28     0 -0.000677534 -0.004623347
   28     1 -0.000466728  0.000649283
   28    -1 -0.003248364  0.000144469
   28     2 -0.000091629 -0.000541553
   28    -2  0.002442213  0.001460468
   28     3  0.001381287 -0.001513394
   28    -3  0.000126437  0.002285839
   28     4 -0.000587314  0.000134668
   28    -4  0.002688084  0.002031029
   28     5 -0.000079487  0.001515917
   28    -5  0.002057005 -0.000378026
   28     6 -0.000885391 -0.001205138
   28    -6 -0.000931333 -0.002357110
   28     7 -0.002011440  0.002320335
   28    -7 -0.000042466 -0.000264617
   28     8 -0.005026411  0.001530099
   28    -8 -0.000194535  0.000254355
   28     9 -0.000663009  0.002941614
   28    -9  0.003348789  0.000489607
   28    10  0.000566861  0.001539560
   28   -10 -0.003456969 -0.002432369
   28    11 -0.000843277 -0.000262358
   28   -11 -0.001944360 -0.002399506
   28    12 -0.003424984 -0.000351320
   28   -12  0.000757760 -0.002445639
   28    13 -0.001967147  0.001697981
   28   -13 -0.001412073 -0.002042578
   28    14 -0.001625254 -0.000978795
   28   -14 -0.001163910  0.000820301
   28    15  0.001272926  0.000897061
   28   -15 -0.001594055 -0.001728344
   28    16 -0.001645744 -0.000219820
   28   -16 -0.004724873 -0.001694200
   28    17 -0.003406137 -0.000780639
   28   -17 -0.000172208 -0.001619288
   28    18 -0.001494290 -0.001650635
   28   -18  0.002168477  0.000202302
   28    19 -0.001952762 -0.000687530
   28   -19  0.000971085  0.000729962
   28    20  0.001812374 -0.001743351
   28   -20  0.000123447  0.003501100
   28    21  0.001080902 -0.000188342
   28   -21 -0.001655812  0.003553302
   28    22  0.000633143 -0.000692712
   28   -22 -0.000363913  0.002749194
   28    23  0.001466109 -0.001872207
   28   -23  0.000613598  0.001481307
   28    24  0.000003834  0.001430047
   28   -24 -0.000480277  0.000994089
   28    25  0.000226712  0.001038748
   28   -25  0.001903899  0.001452279
   28    26 -0.000232968  0.000321250
   28   -26  0.002051456 -0.001186808
   28    27  0.002402835 -0.000058525
   28   -27  0.001067380  0.002632184
   28    28  0.001927904 -0.000439082
   28   -28  0.002870316 -0.000831017
