# Estimated on 21-Dec-2023 19:59:02       
# Reference: Grayver, A., Finlay, C. C., & Olsen, N. (2024). Magnetic signals from oceanic tides: new sat-ellite observations and applications. 
# Philosophical Transactions of the Royal Society of London, doi: 10.1098/rsta.2024.0078. Preprint arXiv:2404.03504 
# Estimated intercept 0                                                       
# Phase given with respect to the Greenwich meridian                          
# First data line: N_max T (in hours)                                         
# Subsequent data lines: degree n   order m   a_n^m/b_n^m   c_n^m/d_n^m       
# where m >= 0 correspond to the cosine time dependent terms a_n^m resp c_n^m,
# and m < 0 correspond to the sine time dependent terms b_n^m resp d_n^m.     
   12 12.6583                                                                 
    1     0  0.010536117  0.014497934
    1     1  0.000438065  0.012641359
    1    -1  0.006249750 -0.001185343
    2     0 -0.004951471  0.006267115
    2     1 -0.001815593 -0.001954749
    2    -1  0.004692809 -0.000357339
    2     2  0.003797660 -0.001350352
    2    -2 -0.007917183 -0.007993711
    3     0  0.002058651 -0.002346986
    3     1 -0.004435904 -0.003378356
    3    -1 -0.000003466  0.000197205
    3     2 -0.000250802 -0.006449099
    3    -2 -0.007367796 -0.015031806
    3     3  0.005211608 -0.008834578
    3    -3  0.012414507  0.001390212
    4     0  0.003016807  0.002373847
    4     1 -0.000349614 -0.007672167
    4    -1 -0.010790652 -0.014873243
    4     2  0.002627452 -0.008298845
    4    -2  0.007226739  0.006405925
    4     3 -0.017768025  0.008299949
    4    -3 -0.009951435  0.003662999
    4     4 -0.009196450  0.006800920
    4    -4  0.007115465  0.001531411
    5     0  0.010078545  0.005834494
    5     1 -0.004574732  0.001287835
    5    -1  0.005075678  0.001742874
    5     2  0.000684746  0.019010490
    5    -2  0.013980180 -0.006854405
    5     3  0.009938467 -0.008935111
    5    -3  0.011097882 -0.007323619
    5     4  0.008637431 -0.006422553
    5    -4 -0.004646397 -0.008794847
    5     5  0.000028764 -0.003076626
    5    -5 -0.000744129 -0.004040906
    6     0 -0.004440890 -0.008638702
    6     1  0.015627020  0.000308364
    6    -1  0.004528383  0.007075939
    6     2  0.004629746 -0.006625813
    6    -2 -0.000160054  0.004582257
    6     3  0.008087502 -0.008734828
    6    -3 -0.006402591  0.002037720
    6     4 -0.008170413  0.001438622
    6    -4  0.005247859  0.015588783
    6     5 -0.002254832  0.013935633
    6    -5  0.004033017  0.004381337
    6     6  0.004192681  0.008081658
    6    -6  0.000484066  0.002256112
    7     0  0.006713421  0.010064553
    7     1  0.008924277  0.000678280
    7    -1 -0.006978288 -0.003222258
    7     2  0.007911503 -0.003405797
    7    -2 -0.004978605  0.004436120
    7     3 -0.009899248  0.005100269
    7    -3 -0.003276255 -0.000600114
    7     4 -0.007145219  0.003282225
    7    -4  0.007816380  0.000217221
    7     5  0.000200838 -0.005964033
    7    -5 -0.001918177 -0.005259559
    7     6 -0.009946690 -0.006290579
    7    -6  0.012432499  0.000308261
    7     7  0.007083161 -0.006292754
    7    -7 -0.001664153 -0.000423216
    8     0 -0.000148399  0.001524125
    8     1 -0.003656224  0.003625538
    8    -1  0.006462045 -0.001665742
    8     2  0.008875337  0.003552724
    8    -2 -0.007206735 -0.005867333
    8     3  0.000092080 -0.003327966
    8    -3 -0.003677107  0.000339913
    8     4  0.001774878 -0.000207124
    8    -4  0.002836979  0.001207588
    8     5  0.004667473 -0.003738984
    8    -5  0.006748888  0.000825181
    8     6  0.005652615  0.001161438
    8    -6  0.000332520  0.006149491
    8     7 -0.003707063  0.004527645
    8    -7  0.002411723  0.002051397
    8     8  0.002870607  0.000556306
    8    -8  0.002797470 -0.003529364
    9     0  0.000096052  0.000470092
    9     1  0.002603554 -0.000602112
    9    -1 -0.003574638  0.000219845
    9     2  0.008250389  0.002318174
    9    -2  0.004184252 -0.003789507
    9     3  0.001057568  0.001519680
    9    -3 -0.004371998  0.002381766
    9     4 -0.002106278 -0.001181483
    9    -4  0.000964885 -0.000287316
    9     5  0.003579696 -0.000547650
    9    -5  0.002691755  0.000366332
    9     6 -0.000983567 -0.001005128
    9    -6  0.000026138  0.000175081
    9     7  0.004407419 -0.000999081
    9    -7 -0.002303181 -0.002856729
    9     8 -0.001627999 -0.000614284
    9    -8 -0.002061141  0.002363182
    9     9  0.001801815 -0.002340432
    9    -9  0.001508475 -0.000209393
   10     0  0.004667267 -0.002350935
   10     1 -0.000167108  0.001258862
   10    -1  0.000095152  0.002733252
   10     2  0.002908881 -0.000676157
   10    -2  0.002203601 -0.003938204
   10     3 -0.000406165 -0.002974084
   10    -3 -0.005790037  0.001543038
   10     4 -0.006724274  0.000016706
   10    -4 -0.004163337  0.007330982
   10     5 -0.001218437  0.000946934
   10    -5  0.000293815  0.001226430
   10     6  0.001124752  0.000432905
   10    -6  0.001607108  0.001415244
   10     7  0.002043324  0.003025618
   10    -7 -0.000016853  0.001213723
   10     8  0.001315194  0.003605532
   10    -8  0.000190189  0.001818380
   10     9 -0.002140437  0.001816316
   10    -9  0.001871657 -0.001515183
   10    10  0.000734624 -0.000330551
   10   -10 -0.000977359 -0.001082585
   11     0  0.000715033  0.001490045
   11     1  0.001282208 -0.004295753
   11    -1 -0.004279759 -0.000793646
   11     2  0.002512900  0.001513201
   11    -2  0.001738246 -0.001782584
   11     3  0.000589378 -0.000411676
   11    -3 -0.001292321 -0.001406744
   11     4 -0.000375041  0.000301528
   11    -4 -0.001712745  0.000414535
   11     5 -0.002358818  0.000385878
   11    -5 -0.000301977  0.001686364
   11     6 -0.003448878 -0.000448976
   11    -6  0.000264835  0.000961748
   11     7 -0.000315115  0.000605520
   11    -7  0.000115061 -0.001691630
   11     8  0.000216103  0.001318838
   11    -8 -0.000732215 -0.003264363
   11     9 -0.002506205 -0.003604123
   11    -9 -0.003048016  0.001821807
   11    10 -0.000661823 -0.000118618
   11   -10  0.000904586 -0.002046249
   11    11  0.002471962  0.000050093
   11   -11 -0.001994047  0.005765300
   12     0  0.001884033  0.000063087
   12     1 -0.000158162  0.001104398
   12    -1 -0.001499014  0.001367964
   12     2  0.002601446  0.004008863
   12    -2  0.001649761 -0.001826927
   12     3  0.000298259 -0.003170072
   12    -3 -0.002769968 -0.001527254
   12     4 -0.002507404 -0.001054276
   12    -4 -0.004091758  0.004905612
   12     5 -0.002990802  0.001057167
   12    -5  0.001976497  0.001111899
   12     6  0.000639718  0.001238108
   12    -6  0.002075997  0.000552142
   12     7  0.002079803  0.000633358
   12    -7  0.000461227  0.002108157
   12     8 -0.000575829  0.000376888
   12    -8 -0.002038444  0.000908187
   12     9  0.000410396  0.002186736
   12    -9  0.002334396 -0.000640188
   12    10  0.004708624  0.000551321
   12   -10 -0.000875108 -0.000028202
   12    11  0.001761112 -0.001188174
   12   -11  0.002311731  0.001841974
   12    12 -0.001807708  0.001786846
   12   -12 -0.001738972 -0.001123586
