# Estimated on 21-Dec-2023 18:19:04 
# Reference: Grayver, A., Finlay, C. C., & Olsen, N. (2024). Magnetic signals from oceanic tides: new sat-ellite observations and applications. 
# Philosophical Transactions of the Royal Society of London, doi: 10.1098/rsta.2024.0078. Preprint arXiv:2404.03504 
# Estimated intercept 0                                                       
# Phase given with respect to the Greenwich meridian                          
# First data line: N_max T (in hours)                                         
# Subsequent data lines: degree n   order m   a_n^m/b_n^m   c_n^m/d_n^m       
# where m >= 0 correspond to the cosine time dependent terms a_n^m resp c_n^m,
# and m < 0 correspond to the sine time dependent terms b_n^m resp d_n^m.     
   12 25.8193                                                                 
    1     0  0.017274580 -0.008981250
    1     1  0.006637953 -0.006308066
    1    -1 -0.000414183  0.009872096
    2     0  0.005233666  0.017808358
    2     1 -0.022492816  0.007070596
    2    -1  0.004102409  0.011456727
    2     2 -0.000848475 -0.011434238
    2    -2 -0.002083108 -0.010089535
    3     0 -0.008498050  0.005816678
    3     1 -0.009460385 -0.022362645
    3    -1 -0.031505815  0.012898360
    3     2  0.001923783  0.015820586
    3    -2  0.008004806  0.001911797
    3     3 -0.016036833  0.007649466
    3    -3 -0.002933020 -0.004722608
    4     0  0.002376704 -0.003597248
    4     1 -0.001048851  0.006951834
    4    -1  0.012263832  0.002832751
    4     2  0.006787198  0.005676995
    4    -2  0.013533049 -0.007641543
    4     3  0.011816598 -0.011517237
    4    -3 -0.005427727  0.017714360
    4     4  0.000826673  0.012365023
    4    -4  0.003412213 -0.000523484
    5     0  0.002076279 -0.004285501
    5     1  0.008080280 -0.003693783
    5    -1 -0.000087863 -0.005936327
    5     2 -0.001011597 -0.001378797
    5    -2 -0.013268599  0.004605275
    5     3  0.000007866 -0.003664437
    5    -3 -0.009573715 -0.007365521
    5     4 -0.000429877  0.002679052
    5    -4  0.013027227 -0.007087325
    5     5 -0.001160984 -0.005317924
    5    -5 -0.000354900  0.007143137
    6     0  0.005830103  0.010120122
    6     1  0.000889021  0.009364951
    6    -1 -0.004460452  0.007592341
    6     2  0.000721409  0.006568392
    6    -2  0.004122264  0.004167779
    6     3 -0.003427342  0.003378096
    6    -3  0.001037892 -0.000572803
    6     4 -0.006334036  0.003011496
    6    -4 -0.000138939  0.000483611
    6     5  0.002704111  0.001935143
    6    -5 -0.000526971 -0.000435172
    6     6  0.001234772 -0.001802048
    6    -6 -0.001862457 -0.000330410
    7     0  0.006054162  0.001517757
    7     1  0.002238439  0.003871128
    7    -1  0.002689542  0.008031871
    7     2 -0.005258797 -0.005398195
    7    -2 -0.006970361  0.002117488
    7     3 -0.006512209  0.004436287
    7    -3  0.001067059 -0.002487297
    7     4  0.002008612  0.000752658
    7    -4  0.005731400 -0.003693593
    7     5 -0.003184026 -0.000859636
    7    -5  0.001990074 -0.000875546
    7     6  0.005386387  0.004154399
    7    -6  0.002743635 -0.000021683
    7     7  0.001901444 -0.007271050
    7    -7  0.005019834 -0.005423128
    8     0  0.003438636  0.006345357
    8     1 -0.002650603  0.002033307
    8    -1 -0.007967100  0.000110985
    8     2 -0.002857788  0.000989645
    8    -2  0.006650367  0.001949250
    8     3  0.007167008 -0.001600960
    8    -3  0.006950753 -0.001719808
    8     4  0.003300550 -0.000387616
    8    -4  0.000426681  0.004962498
    8     5  0.001244490 -0.000957283
    8    -5 -0.001009097 -0.002612954
    8     6 -0.004100707  0.002000365
    8    -6  0.001145525  0.002474343
    8     7  0.005548335  0.003229919
    8    -7 -0.001592563  0.003101857
    8     8 -0.002829361  0.004415169
    8    -8 -0.001720566  0.002295836
    9     0  0.003619009  0.001932244
    9     1 -0.000411091  0.003899509
    9    -1  0.006652946 -0.001049374
    9     2  0.000009817 -0.003631423
    9    -2 -0.002371147 -0.000743855
    9     3 -0.004485940  0.000035330
    9    -3 -0.004072877  0.001715573
    9     4 -0.002816962  0.002976780
    9    -4  0.001887423 -0.002298227
    9     5 -0.003875071 -0.000967917
    9    -5  0.001887975 -0.001365570
    9     6  0.003002506 -0.000283751
    9    -6  0.001440903  0.001713034
    9     7 -0.001147733 -0.000612936
    9    -7 -0.000319700  0.000121332
    9     8  0.002651050 -0.000606078
    9    -8  0.000708140 -0.000975228
    9     9 -0.000799596 -0.000421226
    9    -9 -0.000516977 -0.000961055
   10     0 -0.002813453 -0.000427838
   10     1 -0.005458147  0.002402872
   10    -1 -0.002776134  0.000334215
   10     2 -0.001600097  0.007948734
   10    -2 -0.001109598  0.001117072
   10     3  0.003053449  0.004001216
   10    -3  0.004244037  0.000191138
   10     4  0.006154231  0.000433977
   10    -4  0.001026955  0.003083450
   10     5  0.004418484  0.001159512
   10    -5 -0.003449685  0.003391999
   10     6 -0.001582649  0.000763251
   10    -6 -0.001710643 -0.001856558
   10     7  0.000719842 -0.000796742
   10    -7 -0.000499486 -0.000526367
   10     8  0.001083487 -0.002599466
   10    -8 -0.002221555  0.000819582
   10     9 -0.001053293  0.000720362
   10    -9 -0.001044921 -0.001060563
   10    10  0.000393139  0.000783633
   10   -10 -0.005429946  0.000951336
   11     0  0.000932847 -0.000627254
   11     1 -0.000207471  0.004132571
   11    -1  0.000088062  0.001045766
   11     2  0.005690205 -0.002789578
   11    -2  0.001672131 -0.000422071
   11     3  0.000873185 -0.000498444
   11    -3 -0.001480461  0.002909049
   11     4 -0.002284091 -0.002045459
   11    -4  0.001162302 -0.000620497
   11     5 -0.005995905  0.002594328
   11    -5  0.002227059 -0.001832750
   11     6  0.001174237  0.001528956
   11    -6  0.000619209 -0.000640610
   11     7  0.000774708 -0.002374518
   11    -7  0.002406651  0.000141697
   11     8 -0.001831527 -0.003154045
   11    -8  0.000584337  0.000127347
   11     9 -0.003233745 -0.003294149
   11    -9  0.002282242 -0.001449721
   11    10  0.000179129 -0.000491659
   11   -10  0.002215550 -0.001681516
   11    11 -0.002732215 -0.001708986
   11   -11  0.000293726  0.000782299
   12     0 -0.000401003 -0.003469214
   12     1 -0.000241285  0.000032493
   12    -1  0.000991911 -0.002476657
   12     2  0.000598132  0.003905240
   12    -2 -0.000907477  0.002611406
   12     3 -0.000954192  0.005440195
   12    -3  0.000930209 -0.003712540
   12     4  0.000856892  0.002887538
   12    -4  0.001995268 -0.000930941
   12     5  0.002048346  0.002820425
   12    -5  0.000508907 -0.000936715
   12     6 -0.001180038  0.002105481
   12    -6 -0.002818119  0.001204418
   12     7  0.000590956  0.001406411
   12    -7 -0.000356641 -0.000850124
   12     8  0.003490839  0.000262687
   12    -8 -0.002290678  0.000466844
   12     9 -0.000161553  0.001736774
   12    -9  0.000657156  0.000399160
   12    10  0.001801771  0.000805998
   12   -10 -0.001561716 -0.001000776
   12    11 -0.000819604 -0.001169883
   12   -11 -0.001623901  0.001881310
   12    12 -0.002316756 -0.001827760
   12   -12 -0.000185959  0.000583803
