# Created on 09-Feb-2024 15:17:33                                             
# CM6 estimation of the signal                                                
# First data line: N_max T (in hours)                                         
# Subsequent data lines: degree n   order m   a_n^m/b_n^m   c_n^m/d_n^m       
# where m >= 0 correspond to the cosine time dependent terms a_n^m resp c_n^m,
# and m < 0 correspond to the sine time dependent terms b_n^m resp d_n^m.     
   36 12.4206                                                                 
    1     0  0.057543130 -0.016259273
    1     1  0.006097855 -0.033868383
    1    -1 -0.002265776  0.003624780
    2     0 -0.007738588  0.020216025
    2     1 -0.048868229 -0.012868026
    2    -1  0.014851602 -0.028385955
    2     2  0.034052816 -0.007810290
    2    -2  0.006092990  0.018996794
    3     0  0.001778733 -0.024785888
    3     1 -0.050305443 -0.009016364
    3    -1  0.000512851  0.016897685
    3     2 -0.073144684 -0.025068481
    3    -2 -0.030899167 -0.022105200
    3     3  0.038359590 -0.040980005
    3    -3  0.092910191 -0.056374580
    4     0  0.027556959  0.005180223
    4     1 -0.025286408 -0.030276573
    4    -1 -0.078037287 -0.031874155
    4     2  0.002672933 -0.071677969
    4    -2  0.024109616  0.024876688
    4     3 -0.100544483  0.060825657
    4    -3 -0.087703865  0.058974922
    4     4 -0.060938650  0.042630972
    4    -4  0.072967849  0.005054622
    5     0  0.000613273 -0.002012708
    5     1 -0.063859029  0.006278767
    5    -1  0.044908980  0.008508021
    5     2  0.022840998  0.102083146
    5    -2  0.075345522 -0.062390816
    5     3  0.043515407 -0.072813838
    5    -3  0.063987884 -0.080420446
    5     4  0.037466772 -0.062187753
    5    -4 -0.068347644  0.016791594
    5     5 -0.014070561  0.004835988
    5    -5 -0.004288361 -0.026643114
    6     0 -0.045921928 -0.018586014
    6     1  0.099879598 -0.015873049
    6    -1  0.016093999  0.038602026
    6     2  0.007647559 -0.026973191
    6    -2  0.011885815  0.032063585
    6     3  0.009277420 -0.053423786
    6    -3 -0.046175065  0.047202806
    6     4 -0.077069723  0.019903631
    6    -4  0.070744648  0.066867625
    6     5  0.023167211  0.043333271
    6    -5  0.042169137  0.023389473
    6     6  0.025181245  0.033344880
    6    -6 -0.009527519 -0.008015474
    7     0  0.015530298  0.039716917
    7     1  0.039566662  0.010994808
    7    -1 -0.029662363 -0.012429916
    7     2 -0.015006505 -0.032971744
    7    -2 -0.025321962  0.052456307
    7     3 -0.051241649  0.024915295
    7    -3  0.003152168 -0.014485906
    7     4 -0.022949865  0.014353701
    7    -4  0.036443724 -0.019415995
    7     5 -0.008312123 -0.017075855
    7    -5 -0.023783698 -0.026601531
    7     6 -0.061498858 -0.004470399
    7    -6  0.062147738 -0.015245413
    7     7  0.054270589 -0.037100739
    7    -7  0.010005873  0.003741808
    8     0 -0.000805032  0.021226694
    8     1 -0.025292992  0.034146443
    8    -1  0.020072978 -0.011908066
    8     2  0.026020542  0.031883164
    8    -2 -0.053606981 -0.012047577
    8     3 -0.000813037 -0.006842353
    8    -3 -0.006332397  0.014697844
    8     4  0.014673829  0.003064104
    8    -4  0.032661986  0.020216939
    8     5  0.028390804 -0.013138801
    8    -5  0.058505516  0.001184639
    8     6  0.027370896  0.005681318
    8    -6  0.016420627  0.042441685
    8     7 -0.013873312  0.045933389
    8    -7  0.010214876 -0.011225581
    8     8  0.030495387 -0.014086486
    8    -8  0.006779326 -0.028327374
    9     0 -0.028952805  0.009093287
    9     1  0.006511190  0.023251587
    9    -1 -0.003618739 -0.007575504
    9     2  0.026384206 -0.011122235
    9    -2  0.003180632 -0.005842118
    9     3  0.012584701  0.014522395
    9    -3 -0.004239687  0.030727610
    9     4 -0.017909968 -0.007527109
    9    -4  0.007026735 -0.002708718
    9     5  0.026667656 -0.011540763
    9    -5  0.021500620  0.000323806
    9     6  0.015867629  0.000991359
    9    -6 -0.010812335 -0.000536685
    9     7  0.025706643 -0.014755676
    9    -7 -0.008824007 -0.010144848
    9     8 -0.002155537 -0.003431827
    9    -8 -0.021649094  0.013249384
    9     9  0.008647478 -0.011165877
    9    -9  0.001767297  0.002453808
   10     0  0.012771557 -0.008304115
   10     1 -0.019729388  0.011565883
   10    -1  0.010092794  0.005148060
   10     2 -0.010302288  0.014556239
   10    -2  0.012836078 -0.018245226
   10     3  0.004099464  0.013475416
   10    -3 -0.009320868  0.000211672
   10     4 -0.015427652  0.009246379
   10    -4 -0.000970388  0.018144409
   10     5  0.004139689  0.020059608
   10    -5  0.011475563  0.015011039
   10     6  0.012936603  0.006644785
   10    -6  0.020238143  0.018687240
   10     7  0.031104563  0.001952996
   10    -7  0.007599517  0.008291739
   10     8  0.011833706  0.003962758
   10    -8  0.008482038 -0.000495591
   10     9 -0.006770222  0.010951290
   10    -9  0.010329706 -0.000197069
   10    10  0.010462619 -0.007895446
   10   -10 -0.003057048 -0.015617151
   11     0 -0.003603881  0.010097834
   11     1 -0.011765496 -0.002544680
   11    -1 -0.006399584  0.003680634
   11     2 -0.001458018  0.004063732
   11    -2  0.013007372  0.002416205
   11     3  0.016121431  0.003773567
   11    -3  0.001947536  0.000949669
   11     4  0.003457557  0.019429653
   11    -4 -0.005860916  0.007035572
   11     5 -0.005406146  0.003223511
   11    -5 -0.000749528  0.003748532
   11     6 -0.013145555  0.013274335
   11    -6  0.008364352  0.011545385
   11     7 -0.000357670  0.017077560
   11    -7  0.003705324 -0.016851826
   11     8  0.004366634 -0.008049319
   11    -8 -0.000891207 -0.023422892
   11     9 -0.003184739 -0.017014508
   11    -9 -0.013352808  0.008915396
   11    10 -0.012082374 -0.000795484
   11   -10 -0.004110336  0.001671418
   11    11  0.007296775  0.001096397
   11   -11 -0.012113626  0.005004280
   12     0  0.007934209  0.001717272
   12     1 -0.016577784 -0.004409371
   12    -1 -0.004373579 -0.004678119
   12     2  0.001476287  0.023166536
   12    -2  0.009340937 -0.004464474
   12     3  0.004594741  0.006481693
   12    -3 -0.001059275 -0.016766442
   12     4  0.012677131 -0.009376321
   12    -4 -0.021735869 -0.000261290
   12     5 -0.008237993  0.016727278
   12    -5  0.001643770  0.008497047
   12     6  0.006827873  0.011392035
   12    -6  0.013439662 -0.003004412
   12     7  0.028635099  0.004212077
   12    -7  0.019928278  0.009859263
   12     8  0.022612490  0.009193386
   12    -8 -0.006546646  0.007473158
   12     9  0.012442593  0.009815790
   12    -9  0.009484512 -0.000160813
   12    10  0.022981342 -0.004111290
   12   -10  0.004108161 -0.005160817
   12    11  0.003829464 -0.007855497
   12   -11 -0.004197443 -0.009238869
   12    12  0.003374052 -0.002199152
   12   -12 -0.008141657  0.001175863
   13     0 -0.000840171  0.001184337
   13     1 -0.002549197 -0.001628963
   13    -1 -0.003008014  0.001713833
   13     2  0.005290048  0.007842362
   13    -2  0.009629326 -0.005478973
   13     3  0.011284466  0.004616949
   13    -3 -0.002376038  0.003374909
   13     4  0.011809925  0.004498425
   13    -4 -0.006319451 -0.001665316
   13     5  0.006569424  0.010581731
   13    -5 -0.004522877  0.005163355
   13     6 -0.001746972  0.001573148
   13    -6  0.010192111 -0.005088945
   13     7  0.006145778 -0.001037339
   13    -7  0.007485497 -0.000849760
   13     8  0.007310779 -0.007082765
   13    -8  0.004518463 -0.001276144
   13     9  0.004722469 -0.010473542
   13    -9 -0.015693016 -0.008214595
   13    10 -0.003906159 -0.000241834
   13   -10 -0.013882668 -0.001051248
   13    11 -0.012028133 -0.008956333
   13   -11 -0.001906110  0.007781409
   13    12 -0.009005540  0.001453227
   13   -12  0.005409379  0.000713152
   13    13  0.004151861  0.005756400
   13   -13  0.002372246  0.014757540
   14     0 -0.005859467 -0.008998649
   14     1 -0.003063456 -0.002467699
   14    -1 -0.009905867  0.004056321
   14     2 -0.002438242  0.005187368
   14    -2  0.012753472 -0.003869849
   14     3  0.003771616  0.015383918
   14    -3  0.005815017 -0.016587969
   14     4  0.001604078 -0.008140549
   14    -4 -0.007980851 -0.008217260
   14     5 -0.007458750  0.001938967
   14    -5 -0.002604321  0.001676135
   14     6 -0.001239183  0.008715882
   14    -6  0.000185163 -0.000788335
   14     7  0.009704428  0.006248554
   14    -7  0.009864595 -0.007639197
   14     8  0.025534171  0.008258457
   14    -8 -0.002535698 -0.007844875
   14     9  0.006953377 -0.001900564
   14    -9 -0.017064521  0.009442508
   14    10  0.011049269 -0.005122094
   14   -10  0.001558109 -0.004579610
   14    11  0.011628096 -0.005887631
   14   -11 -0.010112756  0.004300133
   14    12  0.003157384 -0.001384417
   14   -12 -0.002020535 -0.008366049
   14    13 -0.005714329 -0.007160032
   14   -13 -0.002943253 -0.003997070
   14    14  0.006905608 -0.000282501
   14   -14 -0.000323216  0.005328980
   15     0  0.001379333 -0.001752530
   15     1  0.004320009 -0.001216043
   15    -1 -0.002739502 -0.001230839
   15     2 -0.001089171  0.007266360
   15    -2  0.017888336 -0.001360231
   15     3  0.009841898 -0.000975990
   15    -3 -0.010726746 -0.006581854
   15     4 -0.000057768  0.009718055
   15    -4 -0.001941134 -0.001700756
   15     5  0.003174780  0.010173695
   15    -5 -0.001530357 -0.002054731
   15     6  0.000674119  0.013194366
   15    -6 -0.000824384 -0.002705003
   15     7 -0.000546071  0.000995478
   15    -7 -0.004460237  0.006487795
   15     8  0.004999388  0.003739316
   15    -8 -0.005346530  0.004446897
   15     9 -0.000531018  0.005408846
   15    -9  0.003175785 -0.002079490
   15    10  0.005759679  0.002361652
   15   -10 -0.002607566 -0.013697943
   15    11 -0.010141526 -0.011182960
   15   -11 -0.002128060  0.001539101
   15    12 -0.010513450 -0.004641611
   15   -12  0.003853571  0.008533307
   15    13  0.001952763  0.003101381
   15   -13  0.003890289  0.009261115
   15    14 -0.003850030  0.001339043
   15   -14  0.000489708  0.003457020
   15    15 -0.001990421  0.003171170
   15   -15 -0.002934742  0.003927989
   16     0 -0.008359176  0.007729897
   16     1  0.004623976 -0.002136487
   16    -1 -0.009780674  0.000906132
   16     2  0.003658210 -0.010598966
   16    -2  0.004331773  0.008422152
   16     3  0.004188460  0.002012133
   16    -3 -0.000436693  0.003636399
   16     4  0.004485154 -0.004756120
   16    -4 -0.001933473 -0.008811244
   16     5  0.002152791 -0.000709407
   16    -5 -0.001167804 -0.003622172
   16     6  0.002553971  0.000388585
   16    -6 -0.004919185  0.002602683
   16     7  0.002914532  0.003530614
   16    -7 -0.001923591  0.005493002
   16     8  0.002369412  0.006455536
   16    -8  0.002903637 -0.010861479
   16     9  0.010349537 -0.003372299
   16    -9 -0.006965659 -0.005597016
   16    10  0.003331640 -0.004906867
   16   -10 -0.003981317 -0.001898955
   16    11  0.000064247 -0.004890000
   16   -11 -0.013895604  0.001816140
   16    12  0.006863381 -0.002680042
   16   -12  0.002392375 -0.003654601
   16    13  0.004632813 -0.008694388
   16   -13 -0.013360361 -0.003565534
   16    14  0.005991033 -0.004386885
   16   -14 -0.003609061  0.002456278
   16    15 -0.001465490 -0.007126029
   16   -15 -0.001574246  0.001095942
   16    16 -0.003188223 -0.003090151
   16   -16  0.004503373  0.000754629
   17     0  0.007492218 -0.009525447
   17     1  0.005940713 -0.008977065
   17    -1 -0.000042933  0.000893626
   17     2 -0.005090153  0.007424221
   17    -2 -0.001657251 -0.005802719
   17     3 -0.001214725 -0.002575943
   17    -3 -0.003511085 -0.004700826
   17     4  0.005340025 -0.005747684
   17    -4 -0.005740707  0.001073815
   17     5  0.001311042 -0.003106278
   17    -5 -0.005842803 -0.001266279
   17     6  0.001739628 -0.000459637
   17    -6  0.000811189 -0.000349259
   17     7  0.000349252  0.003832912
   17    -7 -0.000604907 -0.006360481
   17     8  0.001168082 -0.000019754
   17    -8  0.006332417  0.000719886
   17     9 -0.005793536  0.005778234
   17    -9 -0.001460547 -0.005348489
   17    10  0.006208156  0.001719147
   17   -10  0.000112292 -0.011046930
   17    11  0.000921829 -0.008962955
   17   -11 -0.011397762  0.006368164
   17    12  0.003172158  0.005015067
   17   -12 -0.010900872  0.003427024
   17    13 -0.003632333  0.001711508
   17   -13 -0.004598775  0.005841695
   17    14  0.002380121  0.000349839
   17   -14 -0.002451162  0.005656550
   17    15 -0.002359318  0.007949695
   17   -15 -0.001215279  0.003843124
   17    16  0.001067716  0.005269600
   17   -16 -0.004592622  0.001785148
   17    17  0.006811341  0.010143722
   17   -17  0.010341310 -0.008674332
   18     0  0.001150269  0.000512630
   18     1  0.009700679  0.005523754
   18    -1 -0.006143305  0.002853769
   18     2 -0.002329806 -0.011803185
   18    -2 -0.005506937  0.002146370
   18     3 -0.000622818  0.004243207
   18    -3 -0.003303656  0.009971617
   18     4 -0.002508368  0.004278453
   18    -4 -0.003977434 -0.003479268
   18     5  0.002633875  0.003459302
   18    -5 -0.000619719 -0.006653214
   18     6  0.005561865 -0.003488192
   18    -6 -0.003897640 -0.003307694
   18     7  0.001516280 -0.005963421
   18    -7 -0.004724703  0.003168713
   18     8 -0.005449967  0.004882740
   18    -8  0.000675442  0.001110496
   18     9  0.008221977 -0.001793996
   18    -9 -0.005767823  0.003187969
   18    10  0.004698744  0.000822420
   18   -10 -0.002617635 -0.004375339
   18    11  0.003565735 -0.004261962
   18   -11 -0.004912737 -0.001758782
   18    12 -0.002706114 -0.001499125
   18   -12 -0.005534239  0.003216210
   18    13 -0.003307920 -0.007914014
   18   -13 -0.004036079  0.003967509
   18    14 -0.008579521  0.000543004
   18   -14 -0.007530471  0.003708212
   18    15  0.002019342  0.000559607
   18   -15  0.000483242 -0.000164792
   18    16  0.000956990 -0.001026416
   18   -16 -0.006644476  0.003189907
   18    17 -0.004896833 -0.002287386
   18   -17 -0.001734188  0.006641146
   18    18  0.001439667  0.008313247
   18   -18  0.002850839  0.000570078
   19     0  0.004853429  0.003311776
   19     1  0.003799559 -0.009919531
   19    -1 -0.006096725  0.004120981
   19     2 -0.006659819  0.002976279
   19    -2 -0.003868118  0.011690194
   19     3 -0.009682685  0.006214040
   19    -3  0.009317285 -0.001932334
   19     4 -0.000557705  0.003800816
   19    -4  0.002832701  0.004985308
   19     5  0.000527991 -0.002460364
   19    -5 -0.006334571  0.003055544
   19     6 -0.000008650 -0.004480051
   19    -6 -0.003245593  0.006594368
   19     7  0.000535530  0.004249438
   19    -7 -0.000350111 -0.000647734
   19     8  0.002014015 -0.000283735
   19    -8  0.008722021 -0.006863546
   19     9  0.004016828 -0.000762798
   19    -9 -0.004873279 -0.005843203
   19    10 -0.008045490 -0.001875908
   19   -10  0.001292331 -0.001806200
   19    11  0.001885851 -0.010647788
   19   -11 -0.003681273  0.005467277
   19    12 -0.002162446  0.001909660
   19   -12  0.001972676 -0.000503867
   19    13 -0.001113302 -0.001724146
   19   -13 -0.006120685 -0.001232668
   19    14 -0.011119127  0.001623807
   19   -14 -0.000701577  0.007361700
   19    15 -0.002505024  0.012337785
   19   -15  0.004247253  0.004378695
   19    16 -0.000546465  0.008080968
   19   -16  0.003175115  0.002942448
   19    17  0.002978816 -0.000253438
   19   -17  0.001849815 -0.001617989
   19    18 -0.003327192  0.000770720
   19   -18 -0.001043665 -0.004007363
   19    19  0.002087355 -0.006029169
   19   -19 -0.009550505  0.006231177
   20     0 -0.000881497 -0.000035167
   20     1  0.004205464  0.000085907
   20    -1 -0.006961014  0.007693288
   20     2  0.002074096  0.002405750
   20    -2 -0.008720142 -0.000027161
   20     3 -0.009534535 -0.003496983
   20    -3 -0.001104009  0.007751828
   20     4 -0.004424772 -0.004911759
   20    -4  0.002177216  0.004100726
   20     5  0.004299867  0.002515037
   20    -5 -0.001321153 -0.006341809
   20     6  0.004648478 -0.002288323
   20    -6 -0.005991961 -0.004995674
   20     7  0.000399933 -0.000899936
   20    -7 -0.004047322 -0.003175634
   20     8 -0.006830807  0.002399702
   20    -8 -0.000344238  0.007157812
   20     9  0.005146284  0.001567655
   20    -9 -0.004707510  0.002019010
   20    10  0.006041977  0.001071996
   20   -10  0.000568153 -0.003089390
   20    11 -0.002454326 -0.004170026
   20   -11 -0.010827225 -0.005080513
   20    12 -0.000669349 -0.001158642
   20   -12  0.000390717 -0.004115018
   20    13 -0.002067116 -0.005714039
   20   -13  0.002182045 -0.004238046
   20    14 -0.004386525 -0.005300321
   20   -14  0.000276978 -0.000267150
   20    15  0.000827261 -0.003712785
   20   -15  0.000113232  0.003020879
   20    16 -0.003194965 -0.006042127
   20   -16 -0.005127367  0.002282276
   20    17 -0.003444182 -0.000117154
   20   -17 -0.000633536  0.002673260
   20    18 -0.005901608  0.003940340
   20   -18 -0.003844816 -0.003517020
   20    19 -0.005169250  0.009705076
   20   -19  0.002788884 -0.002261263
   20    20  0.003506174  0.003794712
   20   -20  0.007624020 -0.001664044
   21     0 -0.002416403  0.003535257
   21     1 -0.001521455  0.003800093
   21    -1 -0.002618044 -0.003408443
   21     2  0.003471360 -0.005664683
   21    -2 -0.004600296  0.009583565
   21     3 -0.004000155  0.006021291
   21    -3  0.006901212  0.001936185
   21     4  0.001217347 -0.002947074
   21    -4  0.006029871 -0.002424304
   21     5  0.001501457  0.002838530
   21    -5  0.002967282  0.002048955
   21     6  0.004189825  0.001798455
   21    -6 -0.001966621  0.000711238
   21     7 -0.000905776  0.004476508
   21    -7 -0.003159353  0.006973468
   21     8  0.002595134  0.000013250
   21    -8  0.001811947 -0.000356206
   21     9  0.000840340  0.002091423
   21    -9  0.002704566 -0.002725291
   21    10 -0.004108963  0.003102050
   21   -10 -0.001316732 -0.008158006
   21    11 -0.008279529 -0.007102954
   21   -11  0.000091669  0.002639482
   21    12 -0.005611132  0.001013757
   21   -12  0.003154808  0.005910102
   21    13  0.005212018 -0.001357837
   21   -13 -0.006239964  0.000828679
   21    14  0.000322111  0.000907864
   21   -14 -0.007286100  0.006292189
   21    15 -0.001297574  0.003846555
   21   -15  0.000522707  0.002203882
   21    16 -0.001140068  0.006804174
   21   -16  0.001673238  0.001681155
   21    17  0.005424595  0.004186757
   21   -17  0.001028953 -0.003737100
   21    18  0.001849442  0.002266668
   21   -18  0.001898257 -0.002413956
   21    19  0.008798649 -0.006801718
   21   -19 -0.003905854  0.005747040
   21    20  0.002048834  0.001362205
   21   -20 -0.000852823  0.001483019
   21    21  0.000739131  0.008742837
   21   -21 -0.000996605 -0.000449858
   22     0 -0.000644693 -0.001951885
   22     1 -0.001651175 -0.005221814
   22    -1 -0.001095019  0.004633531
   22     2  0.003260482  0.005133578
   22    -2 -0.001876270 -0.000229642
   22     3 -0.006238838  0.005631581
   22    -3 -0.005663545  0.000880213
   22     4 -0.009818732 -0.000401778
   22    -4  0.003181801  0.008247255
   22     5  0.001315803  0.003015550
   22    -5  0.000689803  0.004085766
   22     6  0.003518196 -0.005797433
   22    -6 -0.006403018 -0.001005286
   22     7  0.003386845  0.001177876
   22    -7 -0.000527336 -0.001769442
   22     8 -0.002089509 -0.001765578
   22    -8 -0.002458752  0.002415848
   22     9  0.003518912  0.003443412
   22    -9 -0.000566401  0.005125424
   22    10  0.000346804  0.004957985
   22   -10  0.001647250  0.002654826
   22    11  0.006805714 -0.000172000
   22   -11 -0.009389503 -0.002138903
   22    12 -0.001913357  0.000120388
   22   -12 -0.001280636  0.000111218
   22    13 -0.000260209 -0.004371420
   22   -13 -0.001922927  0.002531790
   22    14  0.001144648 -0.002879074
   22   -14  0.001562840 -0.001922042
   22    15  0.000357977 -0.006224925
   22   -15 -0.004982665  0.005118145
   22    16 -0.004145929 -0.008624538
   22   -16  0.000780128  0.003365814
   22    17 -0.006399216 -0.004846044
   22   -17  0.002637714  0.006131872
   22    18 -0.005819773 -0.002808900
   22   -18 -0.003132372  0.002785803
   22    19 -0.006920514 -0.001794486
   22   -19 -0.000048718  0.004957981
   22    20 -0.004569939  0.004256649
   22   -20  0.008310501 -0.004871141
   22    21  0.001078540 -0.001761447
   22   -21 -0.000881936  0.001140492
   22    22 -0.005324073  0.008442656
   22   -22  0.006068394  0.001601837
   23     0 -0.002677410 -0.002920662
   23     1 -0.007943264  0.005994463
   23    -1  0.002622072  0.000357959
   23     2  0.007810501 -0.000018108
   23    -2 -0.001524584 -0.000957841
   23     3  0.001720329 -0.002770621
   23    -3 -0.005274135  0.008791105
   23     4 -0.000987377 -0.001582802
   23    -4  0.002783608  0.000990610
   23     5  0.003688143 -0.000542951
   23    -5  0.000098826 -0.001311372
   23     6  0.003342368  0.003947082
   23    -6  0.003375596 -0.008780663
   23     7  0.003330623  0.007006079
   23    -7 -0.006700259 -0.002022230
   23     8 -0.002925941 -0.003312568
   23    -8 -0.002628231  0.003477443
   23     9  0.001127161  0.000331488
   23    -9  0.002253162 -0.001153311
   23    10  0.002651842  0.001299767
   23   -10  0.004079276 -0.006452999
   23    11 -0.000053771 -0.001268486
   23   -11  0.006980844 -0.005823347
   23    12 -0.002813997  0.000343601
   23   -12  0.005689662 -0.000640071
   23    13 -0.003694207 -0.000420900
   23   -13  0.002218990  0.002250134
   23    14  0.000019031  0.008940388
   23   -14 -0.007281315  0.006187126
   23    15 -0.005063017  0.002844345
   23   -15 -0.003267516 -0.003270217
   23    16 -0.003278566  0.004071942
   23   -16 -0.005470521  0.002103163
   23    17 -0.003831540  0.013447016
   23   -17  0.000153768 -0.002380369
   23    18 -0.002073831  0.013149197
   23   -18  0.003389064 -0.003546421
   23    19  0.010420695  0.001288673
   23   -19 -0.001309170 -0.004819578
   23    20  0.003092728  0.001320516
   23   -20 -0.001811964  0.000475169
   23    21  0.004402169  0.001436503
   23   -21 -0.007623018 -0.000295846
   23    22  0.003276888 -0.001132423
   23   -22  0.000996812 -0.000164933
   23    23 -0.001219613 -0.001168955
   23   -23  0.002449796  0.000832054
   24     0 -0.003094794  0.003324356
   24     1 -0.000967657 -0.004454190
   24    -1  0.003542221  0.002652197
   24     2  0.002828940  0.004697002
   24    -2 -0.003468622  0.005054453
   24     3 -0.001718187  0.000337091
   24    -3 -0.003652268 -0.005051845
   24     4 -0.007440589  0.001354011
   24    -4  0.002529526  0.000977097
   24     5 -0.000811946  0.007380178
   24    -5  0.001883776  0.002998550
   24     6  0.001297417 -0.000101217
   24    -6 -0.000087182  0.001988648
   24     7  0.001262024  0.000165817
   24    -7  0.002848681  0.001675845
   24     8  0.001627406  0.001680775
   24    -8  0.001885562 -0.005789715
   24     9  0.003473113  0.005589563
   24    -9 -0.003281048 -0.004342172
   24    10  0.000094687  0.008641135
   24   -10 -0.004832355  0.000440651
   24    11  0.001248357  0.002904650
   24   -11 -0.004586645  0.003208128
   24    12 -0.000894369 -0.002007802
   24   -12 -0.002986969  0.000388642
   24    13  0.002427218 -0.005736389
   24   -13 -0.005654057  0.002570202
   24    14 -0.004049141 -0.000622011
   24   -14  0.003020390 -0.000863947
   24    15  0.002427532  0.003669907
   24   -15  0.001294838  0.002206809
   24    16 -0.007614790 -0.000049611
   24   -16  0.002296982  0.000220889
   24    17  0.000161115 -0.001282542
   24   -17  0.003157953  0.005401838
   24    18  0.003025960 -0.008640919
   24   -18  0.001173396  0.005491742
   24    19 -0.007754471 -0.003883243
   24   -19 -0.002134690  0.010970078
   24    20 -0.005071311  0.005653603
   24   -20  0.007239861 -0.000366748
   24    21 -0.003055498 -0.002502435
   24   -21  0.000550233  0.005998098
   24    22 -0.002262931  0.011579023
   24   -22  0.002603323  0.000561726
   24    23 -0.007412991  0.000151167
   24   -23 -0.003588412 -0.004363034
   24    24  0.003347274 -0.003150844
   24   -24  0.003068108 -0.006223392
   25     0 -0.001671826 -0.003663878
   25     1  0.000424966  0.001238430
   25    -1 -0.000074961  0.001387488
   25     2  0.005163740  0.000693185
   25    -2 -0.003766248 -0.000994666
   25     3  0.004110671  0.000688407
   25    -3 -0.002977679  0.000258931
   25     4 -0.001903380 -0.003876949
   25    -4 -0.003293187  0.006943524
   25     5  0.001369023 -0.004342646
   25    -5 -0.001096793  0.000635745
   25     6  0.003303333 -0.002877120
   25    -6  0.004805849 -0.012115653
   25     7  0.002979830  0.004779583
   25    -7 -0.000756916 -0.004065829
   25     8 -0.000623510 -0.003796342
   25    -8 -0.001796404 -0.002968516
   25     9 -0.003792311  0.003598158
   25    -9 -0.003287097  0.005769634
   25    10 -0.000926475  0.002824482
   25   -10  0.000158783 -0.000437577
   25    11  0.003993815 -0.001045745
   25   -11  0.002338677 -0.005104284
   25    12  0.004837760 -0.003657946
   25   -12  0.001153290 -0.003856556
   25    13 -0.001300591 -0.006517941
   25   -13  0.002544753 -0.003913042
   25    14 -0.000503517 -0.000699712
   25   -14  0.007325327  0.005531378
   25    15 -0.002180881 -0.001345100
   25   -15 -0.001539354 -0.000591145
   25    16 -0.000805818 -0.000674705
   25   -16 -0.004160454 -0.002793337
   25    17 -0.006690156  0.002702698
   25   -17 -0.007705946  0.001677550
   25    18 -0.002304712  0.008459662
   25   -18  0.002698403 -0.007458005
   25    19  0.003714021 -0.000080443
   25   -19 -0.001180736 -0.006854249
   25    20 -0.000321038  0.007204429
   25   -20 -0.005529388 -0.001815875
   25    21  0.001435205  0.004008820
   25   -21 -0.004048862 -0.003145896
   25    22  0.000244770 -0.002168656
   25   -22 -0.002413001  0.002924454
   25    23  0.003984817 -0.003151301
   25   -23  0.001530357 -0.000650205
   25    24  0.003949592  0.004717046
   25   -24 -0.000256664 -0.002477130
   25    25 -0.000105646  0.003407478
   25   -25  0.002980191  0.006297691
   26     0  0.001812413  0.000473001
   26     1  0.001490395  0.000127743
   26    -1  0.001731586 -0.002962473
   26     2  0.003005664  0.000084301
   26    -2 -0.002583115  0.004782992
   26     3 -0.000500042  0.000518190
   26    -3 -0.002379663 -0.004219551
   26     4 -0.005835447 -0.003233900
   26    -4  0.002824397  0.000726681
   26     5  0.002509857  0.004581844
   26    -5  0.002982238 -0.006160335
   26     6  0.000896580  0.004061531
   26    -6  0.001133167 -0.005977168
   26     7  0.003995378  0.004133058
   26    -7  0.001045187  0.003914496
   26     8 -0.001945742  0.003233687
   26    -8 -0.001971060  0.002694221
   26     9  0.006052323  0.000419003
   26    -9 -0.001613453 -0.002680118
   26    10  0.001305949  0.003182028
   26   -10 -0.004905017 -0.005098724
   26    11  0.000189235  0.002852283
   26   -11 -0.003141352 -0.004608684
   26    12 -0.004982863  0.002742711
   26   -12 -0.005030780 -0.001016343
   26    13 -0.003002948  0.000313501
   26   -13 -0.003986748  0.002781373
   26    14  0.000289640 -0.002780449
   26   -14 -0.000440036  0.001084370
   26    15  0.007461778 -0.000193798
   26   -15  0.001123745  0.006302532
   26    16 -0.002334176 -0.001821316
   26   -16 -0.002124732  0.000892461
   26    17 -0.001421774 -0.002980791
   26   -17  0.005084290  0.005385199
   26    18  0.003097783 -0.000151057
   26   -18 -0.000226364  0.003354254
   26    19 -0.007664663  0.000038052
   26   -19  0.000609030  0.003616458
   26    20 -0.002202249 -0.000665168
   26   -20  0.007670142  0.002406692
   26    21 -0.001118835 -0.000465647
   26   -21  0.004807808  0.006247297
   26    22 -0.003070016  0.005387095
   26   -22  0.004485797 -0.000125693
   26    23 -0.002865212  0.003161450
   26   -23 -0.000508960 -0.001179056
   26    24 -0.001554167  0.002799581
   26   -24  0.007781286 -0.003936842
   26    25  0.004695317 -0.003703014
   26   -25  0.006959101 -0.003405816
   26    26  0.005356006 -0.004787368
   26   -26  0.001488609  0.001488096
   27     0 -0.000398881  0.002832884
   27     1 -0.001852437 -0.003887049
   27    -1  0.003002163  0.000097632
   27     2 -0.001699321 -0.004368889
   27    -2 -0.000871289  0.000895169
   27     3 -0.000199754  0.000609077
   27    -3 -0.004247783 -0.002234159
   27     4  0.001676612 -0.003190816
   27    -4 -0.004571634 -0.000713895
   27     5 -0.002464742 -0.001351001
   27    -5 -0.002701379  0.003962301
   27     6  0.001354010 -0.002816694
   27    -6  0.000505801 -0.003818818
   27     7  0.004895035 -0.000246832
   27    -7 -0.000375181 -0.001611752
   27     8  0.003817967 -0.000897477
   27    -8  0.003179888 -0.008331767
   27     9 -0.002778567 -0.001836914
   27    -9 -0.001055973 -0.003011472
   27    10 -0.002367545  0.005056321
   27   -10 -0.002387975  0.000383692
   27    11  0.003532872  0.004407217
   27   -11  0.003750701 -0.002178761
   27    12  0.006939358 -0.000988361
   27   -12 -0.000306887 -0.000056380
   27    13  0.000740289  0.001616421
   27   -13  0.000106960 -0.000020683
   27    14 -0.000275871 -0.000902599
   27   -14  0.004880605  0.004897527
   27    15  0.001982011 -0.002103168
   27   -15 -0.002792361  0.002119155
   27    16 -0.004661006  0.004867938
   27   -16 -0.004326592  0.001839497
   27    17 -0.005481180  0.003520254
   27   -17 -0.002825283 -0.001303749
   27    18 -0.005358216  0.001763768
   27   -18  0.002448691 -0.003606046
   27    19  0.001404970 -0.001190289
   27   -19  0.000812083 -0.001194642
   27    20 -0.000957204  0.004556838
   27   -20 -0.001007514 -0.005025304
   27    21  0.000024436  0.005054699
   27   -21 -0.000691592 -0.004893773
   27    22  0.002492993  0.002589767
   27   -22  0.000405421 -0.001240997
   27    23 -0.001705203 -0.001924994
   27   -23 -0.001860534  0.001659715
   27    24  0.001862311  0.004500905
   27   -24 -0.004286361  0.002699440
   27    25 -0.003845852  0.000123740
   27   -25 -0.002401386  0.001560658
   27    26 -0.002150319  0.000742967
   27   -26  0.003487414  0.004679103
   27    27  0.002385995  0.009231378
   27   -27 -0.005553272  0.002298869
   28     0  0.001844917 -0.004523964
   28     1 -0.003100342  0.001151322
   28    -1  0.000617207  0.000554974
   28     2 -0.001443884 -0.002355162
   28    -2  0.003613577 -0.001143802
   28     3  0.003733384 -0.001389461
   28    -3 -0.002325326 -0.001461679
   28     4  0.001631032 -0.006634581
   28    -4 -0.000927902 -0.003555217
   28     5 -0.000814344 -0.002583445
   28    -5 -0.001080999 -0.002875183
   28     6  0.000817002  0.001928736
   28    -6  0.002165582 -0.006768262
   28     7  0.002957744  0.003196859
   28    -7  0.006663369 -0.007421569
   28     8 -0.004990613  0.007557565
   28    -8 -0.002178863  0.001714528
   28     9 -0.001199924  0.004551870
   28    -9  0.000842459  0.001717469
   28    10  0.005598661  0.004385868
   28   -10 -0.002596568 -0.002486886
   28    11 -0.000090288 -0.000689923
   28   -11 -0.001855227 -0.008209412
   28    12 -0.002139258 -0.002046560
   28   -12 -0.002507066 -0.006234242
   28    13 -0.003353933  0.000318909
   28   -13 -0.004096451  0.001906557
   28    14 -0.005923286  0.001260357
   28   -14  0.002469674  0.002383658
   28    15  0.004256875  0.004754171
   28   -15  0.001259162  0.002935278
   28    16 -0.000077012  0.003111763
   28   -16 -0.005809547 -0.001259435
   28    17 -0.000320845  0.000459369
   28   -17  0.002544329  0.000492070
   28    18 -0.002044714 -0.002517022
   28   -18  0.000513315  0.003609807
   28    19 -0.005485053  0.002726708
   28   -19  0.003556942  0.002012321
   28    20  0.002773013 -0.000128474
   28   -20  0.006836339  0.001148109
   28    21  0.003296225 -0.004577517
   28   -21  0.003557313  0.005430668
   28    22  0.001631606 -0.002642339
   28   -22  0.001163229 -0.000400554
   28    23 -0.000461199 -0.001397630
   28   -23  0.005337782  0.002514233
   28    24  0.004172739 -0.000495081
   28   -24  0.003322267 -0.000253175
   28    25 -0.000684342  0.001848029
   28   -25  0.005761006 -0.002674673
   28    26  0.002514333 -0.005013889
   28   -26 -0.004241581 -0.000075862
   28    27  0.001329989 -0.001854422
   28   -27  0.002113082  0.004319532
   28    28  0.001055706  0.001028721
   28   -28 -0.005905706  0.003592286
   29     0  0.000073511  0.000225694
   29     1  0.001220473 -0.003604086
   29    -1  0.002165215 -0.004080679
   29     2 -0.000948116 -0.000425326
   29    -2 -0.003402964 -0.000566139
   29     3  0.001175337 -0.000406575
   29    -3 -0.003021642  0.002322462
   29     4 -0.000764628 -0.000047484
   29    -4 -0.000693142 -0.000454370
   29     5 -0.002994909 -0.003592678
   29    -5 -0.000199039 -0.000859107
   29     6 -0.000197541 -0.002866797
   29    -6 -0.001753725 -0.000678547
   29     7  0.000944455  0.001293879
   29    -7 -0.001163733  0.001343453
   29     8  0.001353103 -0.002607850
   29    -8  0.000388135 -0.005648328
   29     9 -0.000098293 -0.003428428
   29    -9  0.000641281 -0.006350609
   29    10  0.000562724  0.001470908
   29   -10 -0.003237643 -0.004968712
   29    11 -0.002540043  0.002563948
   29   -11  0.002402066 -0.001633628
   29    12  0.005079194  0.003294433
   29   -12 -0.003337246 -0.000339462
   29    13  0.003272028 -0.001650284
   29   -13 -0.000431824 -0.001509281
   29    14  0.002594949 -0.002543882
   29   -14  0.002675038 -0.003630857
   29    15  0.000613194 -0.007817165
   29   -15  0.000034049 -0.001626347
   29    16 -0.004650418  0.004206741
   29   -16  0.001733035  0.005539182
   29    17 -0.009993958  0.005985092
   29   -17  0.000594560 -0.000893561
   29    18 -0.004612178  0.001056772
   29   -18  0.006796486 -0.005969150
   29    19 -0.000047717 -0.000398103
   29   -19 -0.001385147  0.000304719
   29    20 -0.002775762  0.002220420
   29   -20  0.001175272 -0.005888332
   29    21  0.003302494 -0.001539009
   29   -21 -0.000527840 -0.009436699
   29    22  0.000850944  0.000992907
   29   -22 -0.000130551 -0.004953434
   29    23  0.001313784 -0.001666721
   29   -23 -0.005377409 -0.002931664
   29    24 -0.000640762  0.002772839
   29   -24 -0.002256308 -0.004170136
   29    25 -0.004712453  0.000303930
   29   -25 -0.003019898  0.001518658
   29    26 -0.000776892  0.001104920
   29   -26  0.001852867 -0.001449990
   29    27  0.003001906  0.005499767
   29   -27  0.004439826  0.003273271
   29    28 -0.003131986  0.001588916
   29   -28  0.005492144  0.006717369
   29    29  0.001443840  0.004217079
   29   -29 -0.002278520  0.004256911
   30     0  0.000067021 -0.004012647
   30     1 -0.000365353 -0.000143152
   30    -1  0.000433340  0.001451949
   30     2 -0.007785314 -0.000860276
   30    -2  0.001540453  0.000855601
   30     3  0.005884362 -0.001434792
   30    -3  0.000118593 -0.001493765
   30     4  0.004744473 -0.003764400
   30    -4 -0.002919949 -0.001733045
   30     5  0.000269203 -0.004007901
   30    -5 -0.006967280  0.000872003
   30     6  0.000668417 -0.003241253
   30    -6  0.001174558 -0.003797666
   30     7 -0.001303965  0.002277883
   30    -7  0.007894926 -0.009160437
   30     8 -0.002132766 -0.000620371
   30    -8  0.000685256 -0.003430281
   30     9 -0.000902268  0.002228223
   30    -9 -0.002027681 -0.000538990
   30    10  0.004750303  0.004533931
   30   -10 -0.000207265  0.001075364
   30    11  0.003312459 -0.000046710
   30   -11 -0.004030570 -0.003406839
   30    12 -0.000862211 -0.009106116
   30   -12 -0.001970326  0.000073183
   30    13 -0.001412504 -0.002943022
   30   -13  0.000865336  0.000914779
   30    14 -0.009162414 -0.000430528
   30   -14 -0.001848149 -0.001926793
   30    15  0.002126077  0.003786394
   30   -15  0.003269372 -0.000273161
   30    16 -0.002480424  0.002789869
   30   -16 -0.002689758 -0.003911754
   30    17  0.001417529  0.000976492
   30   -17  0.002425547 -0.000561499
   30    18  0.002788628 -0.002082459
   30   -18 -0.002229775  0.000190131
   30    19 -0.001870304  0.000461759
   30   -19  0.005402110  0.004239957
   30    20  0.004952369  0.001676626
   30   -20  0.000570295  0.003438777
   30    21 -0.004115108  0.000182586
   30   -21  0.001127523  0.006486213
   30    22 -0.000112477 -0.000285389
   30   -22  0.001502802  0.005750567
   30    23  0.000628704  0.001900207
   30   -23  0.001159479  0.005824718
   30    24  0.006278979 -0.002256544
   30   -24  0.002511167  0.005960183
   30    25 -0.000036081  0.005948043
   30   -25  0.004171932 -0.001103571
   30    26  0.001725198 -0.005656899
   30   -26  0.005665572 -0.000956878
   30    27  0.000899660  0.002209398
   30   -27  0.000592150 -0.003322252
   30    28  0.004881313 -0.001961681
   30   -28  0.000197110 -0.002785273
   30    29  0.007230937 -0.001949674
   30   -29  0.006496012 -0.008023784
   30    30  0.004335135  0.000767846
   30   -30  0.001316964  0.000848677
   31     0  0.001179745  0.000235977
   31     1 -0.001271984 -0.002670142
   31    -1 -0.001284317 -0.004240625
   31     2 -0.001430255 -0.002419634
   31    -2  0.001423452  0.003588843
   31     3  0.002665265 -0.004868428
   31    -3 -0.002017533  0.000824954
   31     4 -0.001461866  0.001119778
   31    -4 -0.000100110  0.002498080
   31     5 -0.002307404 -0.002335097
   31    -5 -0.000848086 -0.000428619
   31     6 -0.001180193 -0.003696633
   31    -6 -0.001872954 -0.003185615
   31     7 -0.001549985  0.002180046
   31    -7  0.000567475 -0.001521407
   31     8  0.004415448  0.000609990
   31    -8  0.001602375 -0.001156021
   31     9  0.003023736 -0.004773035
   31    -9  0.001335748 -0.002538166
   31    10  0.005562957  0.000476208
   31   -10 -0.000646691 -0.003317222
   31    11 -0.001331970 -0.001130417
   31   -11  0.000100378 -0.004443610
   31    12 -0.000465199  0.003271694
   31   -12 -0.002038621 -0.001452600
   31    13 -0.001053485 -0.000039449
   31   -13  0.000038846  0.000456092
   31    14  0.001871752 -0.002729059
   31   -14 -0.000625142  0.002936859
   31    15  0.005267505 -0.005637096
   31   -15 -0.004798820  0.000477990
   31    16 -0.001836271 -0.001113320
   31   -16 -0.000878329  0.003540067
   31    17 -0.000589113 -0.000374181
   31   -17  0.003546849 -0.000408151
   31    18 -0.002622022 -0.004098958
   31   -18  0.007047521 -0.002247121
   31    19  0.003770207 -0.002259722
   31   -19  0.003563237  0.003951349
   31    20 -0.008287774  0.001079758
   31   -20 -0.000346317 -0.003631142
   31    21  0.001437434 -0.000556017
   31   -21  0.004360721 -0.006205364
   31    22 -0.002957276  0.001539518
   31   -22 -0.005066399 -0.002779324
   31    23  0.003376094 -0.000497367
   31   -23  0.000546750 -0.008071426
   31    24  0.001579975 -0.000597609
   31   -24 -0.003592758 -0.002993714
   31    25 -0.003417308 -0.003580166
   31   -25 -0.005698444  0.001455099
   31    26 -0.000722473  0.001784227
   31   -26 -0.000820361 -0.003097265
   31    27  0.000115596 -0.000037998
   31   -27  0.000442843 -0.000849249
   31    28 -0.004183482 -0.001948230
   31   -28  0.000974255  0.002046526
   31    29  0.003358400  0.000001969
   31   -29  0.000185836  0.000646997
   31    30 -0.000249506 -0.004458994
   31   -30 -0.003993527  0.000592864
   31    31 -0.011216939  0.001012708
   31   -31  0.001069868 -0.001998518
   32     0 -0.001664363  0.000251928
   32     1  0.003647109  0.002668705
   32    -1  0.002311984  0.003715354
   32     2 -0.001094902 -0.001289186
   32    -2 -0.003286620 -0.000946495
   32     3 -0.001618714 -0.005352580
   32    -3  0.004967833 -0.000878922
   32     4  0.002286017 -0.000325210
   32    -4 -0.002956242 -0.001989413
   32     5  0.000972650 -0.005620956
   32    -5 -0.008372434 -0.001313120
   32     6  0.000123172 -0.005180784
   32    -6 -0.001197144 -0.001511241
   32     7 -0.004286366  0.001530408
   32    -7  0.008393347 -0.003234615
   32     8  0.000785922 -0.001454188
   32    -8  0.004343262 -0.001564623
   32     9 -0.001035162  0.000654420
   32    -9 -0.002747136 -0.001916178
   32    10  0.002414806  0.002187719
   32   -10 -0.001061516  0.004064784
   32    11 -0.001362170  0.004726254
   32   -11 -0.003411961  0.004021224
   32    12  0.003242433 -0.005547956
   32   -12 -0.000057861 -0.000389345
   32    13 -0.000624463 -0.005156537
   32   -13 -0.000462775  0.001850576
   32    14 -0.003695966 -0.004793688
   32   -14 -0.000988069  0.000217997
   32    15 -0.003137249  0.001077715
   32   -15  0.004680715  0.001685501
   32    16 -0.003700229  0.001337040
   32   -16 -0.002436175 -0.001429535
   32    17  0.000421248 -0.000534089
   32   -17  0.000072839 -0.001251194
   32    18  0.005816063 -0.001003011
   32   -18 -0.003374829 -0.003665818
   32    19 -0.002218252  0.001476483
   32   -19 -0.002297589 -0.001416777
   32    20  0.006499723 -0.000753740
   32   -20  0.002286509  0.000440981
   32    21 -0.004035149  0.000457866
   32   -21 -0.001061981  0.001638127
   32    22  0.000967817  0.001865174
   32   -22  0.009321953  0.003468572
   32    23  0.004799840  0.002285775
   32   -23  0.001991931  0.004005804
   32    24 -0.000587320 -0.001762186
   32   -24  0.001988776  0.002902386
   32    25  0.000491726  0.006500391
   32   -25  0.003103574  0.000854437
   32    26  0.004392548 -0.001336538
   32   -26 -0.001958733 -0.000646137
   32    27 -0.000092439  0.002343121
   32   -27  0.005441619 -0.000741007
   32    28  0.002251641 -0.001758054
   32   -28 -0.001190514  0.000567918
   32    29 -0.000523648  0.000722610
   32   -29 -0.001899744 -0.005014934
   32    30  0.003986370 -0.000203856
   32   -30  0.003325450 -0.007534711
   32    31  0.003660554 -0.002834749
   32   -31 -0.000709080 -0.007406535
   32    32 -0.005356129 -0.002040328
   32   -32  0.001854644  0.008912231
   33     0  0.000686925  0.000652673
   33     1  0.001807877  0.002547401
   33    -1 -0.002298907 -0.001137798
   33     2 -0.002853022 -0.003476286
   33    -2  0.004307498  0.002532571
   33     3  0.000723125 -0.002467937
   33    -3 -0.000949769  0.000288750
   33     4 -0.002619455  0.003257787
   33    -4 -0.000233206  0.002900565
   33     5  0.000127074  0.002272932
   33    -5  0.002219906 -0.004000219
   33     6 -0.003637035 -0.004298913
   33    -6  0.000360584 -0.002651460
   33     7 -0.003746031  0.000167568
   33    -7 -0.000302337  0.002118153
   33     8  0.001068547 -0.000401408
   33    -8  0.002693548 -0.000341838
   33     9  0.002676047 -0.000379302
   33    -9 -0.000195252 -0.002092942
   33    10  0.005724789  0.000754645
   33   -10 -0.003729247 -0.006177560
   33    11  0.001659270 -0.006216295
   33   -11 -0.005158727 -0.005231164
   33    12  0.001654538 -0.001885887
   33   -12  0.000414524  0.001077063
   33    13 -0.000762974  0.001315737
   33   -13  0.002824071  0.000369673
   33    14  0.001152301  0.001120266
   33   -14  0.000223690 -0.000792998
   33    15  0.001772013 -0.003000514
   33   -15 -0.004939044 -0.000915908
   33    16 -0.002682495 -0.002220002
   33   -16 -0.000419421  0.000912535
   33    17  0.000751414 -0.000050996
   33   -17  0.001739478  0.000784233
   33    18 -0.004392086  0.001932105
   33   -18  0.002471896  0.000879893
   33    19  0.002472510  0.000056243
   33   -19  0.006173675  0.004741737
   33    20 -0.003444804  0.001307149
   33   -20  0.002356414 -0.002889981
   33    21  0.003693793 -0.001367871
   33   -21  0.005510852 -0.003730236
   33    22  0.003366183 -0.005476679
   33   -22 -0.004473401 -0.001629171
   33    23 -0.005933916 -0.003742621
   33   -23  0.000126407 -0.003046119
   33    24 -0.002727610  0.001362836
   33   -24 -0.003294826 -0.005022061
   33    25 -0.002367920 -0.004065098
   33   -25 -0.001831546 -0.004509683
   33    26 -0.001320619  0.005484168
   33   -26  0.005156925  0.002650844
   33    27  0.002052121 -0.000019387
   33   -27 -0.003850997 -0.002578011
   33    28 -0.003826924 -0.002793988
   33   -28  0.001805609 -0.000395061
   33    29  0.007774960  0.002589932
   33   -29  0.000971086 -0.001705537
   33    30 -0.000196553 -0.002743256
   33   -30 -0.001851717 -0.000988576
   33    31  0.000981884 -0.008099738
   33   -31  0.001950541  0.006327202
   33    32  0.013279940 -0.001985445
   33   -32 -0.001673469 -0.002941931
   33    33 -0.001675560  0.008665569
   33   -33  0.003309669 -0.002171996
   34     0 -0.004477095  0.002102088
   34     1  0.001183563  0.001774166
   34    -1 -0.000565623  0.000967951
   34     2  0.003456816  0.002309244
   34    -2 -0.002523226  0.001397585
   34     3 -0.007606872 -0.003970016
   34    -3  0.000901502  0.000660273
   34     4 -0.001098188 -0.000686269
   34    -4 -0.001664470  0.002640827
   34     5  0.000143317 -0.002916614
   34    -5 -0.001477050 -0.001007211
   34     6  0.002471509 -0.003622328
   34    -6 -0.005303053  0.001277043
   34     7 -0.003672476 -0.000535896
   34    -7  0.001771892  0.001860308
   34     8 -0.000050512 -0.004096509
   34    -8  0.003751993 -0.000611816
   34     9 -0.000546388 -0.002466814
   34    -9  0.000014685 -0.002941453
   34    10  0.002264996  0.001556210
   34   -10  0.000561090  0.001262590
   34    11  0.000008285  0.008732601
   34   -11 -0.004393800  0.006394906
   34    12  0.000084917  0.004858781
   34   -12  0.000452068  0.001538449
   34    13  0.001512453 -0.002887550
   34   -13  0.001729029  0.002900386
   34    14  0.002535060 -0.005596462
   34   -14 -0.000859027  0.001489768
   34    15 -0.003909997 -0.004509895
   34   -15  0.003757664  0.001430325
   34    16 -0.001960989  0.002257868
   34   -16  0.000780586 -0.002231514
   34    17 -0.000983852  0.005016584
   34   -17  0.000278474 -0.004659979
   34    18  0.001471542 -0.003768681
   34   -18 -0.002161639 -0.004169212
   34    19 -0.003504628 -0.000642467
   34   -19 -0.004116620 -0.000329774
   34    20  0.005737093 -0.003515168
   34   -20 -0.001172937  0.001962415
   34    21 -0.001132179  0.004747473
   34   -21 -0.004053679  0.008559795
   34    22 -0.000609370  0.007689013
   34   -22  0.008931898  0.001149336
   34    23  0.008400791 -0.000360676
   34   -23  0.003105600  0.000101209
   34    24  0.002877910 -0.000421006
   34   -24 -0.002966157 -0.001438759
   34    25 -0.001018268  0.000791426
   34   -25 -0.001353902  0.001229458
   34    26  0.001244499 -0.003830557
   34   -26 -0.002053455  0.004754003
   34    27 -0.000562847  0.001296956
   34   -27 -0.001752776 -0.000480022
   34    28  0.004110227 -0.000885232
   34   -28  0.001137947 -0.000835207
   34    29  0.002890048 -0.006279168
   34   -29  0.002510727 -0.004029776
   34    30  0.001319334  0.000520756
   34   -30  0.000745470 -0.002023834
   34    31  0.007282725 -0.004244720
   34   -31 -0.003218827  0.002247085
   34    32  0.001398873  0.001503370
   34   -32 -0.000233695  0.002437604
   34    33  0.004480214 -0.005363875
   34   -33  0.001680003 -0.002413829
   34    34  0.002244274 -0.001119166
   34   -34  0.001722158 -0.007020375
   35     0 -0.000157486  0.001127290
   35     1  0.005596657  0.005047733
   35    -1 -0.001944101 -0.001495563
   35     2 -0.001158279 -0.001507063
   35    -2  0.001575979 -0.000940693
   35     3  0.001056303 -0.001891263
   35    -3  0.000113153  0.000387141
   35     4  0.000078811 -0.001181264
   35    -4 -0.000543101  0.001707080
   35     5  0.002070211  0.004703452
   35    -5  0.002525557  0.002613520
   35     6  0.000358955  0.000019410
   35    -6  0.003358654 -0.003905372
   35     7  0.002087366 -0.002971945
   35    -7  0.002903282  0.002637782
   35     8 -0.001368425 -0.000688497
   35    -8  0.001853281 -0.001052266
   35     9  0.000834287  0.000208458
   35    -9 -0.002598453  0.000721476
   35    10  0.001520742  0.002094445
   35   -10 -0.001719575 -0.001514498
   35    11  0.001808183 -0.006374948
   35   -11 -0.003774579 -0.005045249
   35    12 -0.001149722 -0.002258825
   35   -12 -0.003484961  0.002765441
   35    13 -0.002572263 -0.002217861
   35   -13  0.000152472  0.004304012
   35    14 -0.000789786 -0.000478585
   35   -14  0.002122139  0.002829548
   35    15  0.001505166 -0.001051079
   35   -15 -0.002437091 -0.002765303
   35    16 -0.003468300 -0.003137754
   35   -16 -0.002159832 -0.001687032
   35    17  0.002449363 -0.003831331
   35   -17  0.000571435  0.001568257
   35    18 -0.001052607 -0.001586725
   35   -18 -0.001425532  0.002191057
   35    19  0.003217101  0.004473139
   35   -19  0.005622101  0.000887214
   35    20 -0.000812977  0.004890792
   35   -20  0.003053176 -0.006404784
   35    21  0.004628845 -0.001788498
   35   -21  0.004184822 -0.003033945
   35    22  0.005668721 -0.006592802
   35   -22 -0.006617013  0.000497508
   35    23 -0.007615354 -0.000804815
   35   -23 -0.000515323 -0.000255439
   35    24  0.000077211  0.001006620
   35   -24 -0.004042025 -0.001343218
   35    25 -0.003938289  0.001556571
   35   -25 -0.001357404 -0.004321031
   35    26  0.000107098 -0.000404215
   35   -26  0.005998673 -0.008164691
   35    27  0.002531582 -0.005536624
   35   -27 -0.001452859 -0.000831206
   35    28 -0.003185842  0.000815657
   35   -28 -0.000187554 -0.002045189
   35    29 -0.001731285  0.005628232
   35   -29 -0.001713480 -0.000043257
   35    30  0.000779505  0.002143267
   35   -30  0.004516625 -0.000419330
   35    31  0.001908042 -0.003870108
   35   -31  0.001165922 -0.001932897
   35    32  0.004892800 -0.003594226
   35   -32  0.000166379 -0.007922960
   35    33 -0.000518575  0.002389152
   35   -33 -0.004352241  0.001261453
   35    34 -0.001828818 -0.002042971
   35   -34  0.002513528  0.005760750
   35    35  0.002488834  0.003141123
   35   -35  0.003781057 -0.001190999
   36     0 -0.002418849  0.002415064
   36     1 -0.000344935  0.002421201
   36    -1  0.000163119 -0.002169005
   36     2 -0.000180645 -0.000590018
   36    -2  0.001526655 -0.000627630
   36     3 -0.003498990 -0.000623035
   36    -3  0.000412340  0.000992226
   36     4  0.000731372  0.002318926
   36    -4  0.000314236  0.002811809
   36     5 -0.002944571 -0.000562420
   36    -5  0.001141088 -0.003037340
   36     6  0.001700856 -0.002239083
   36    -6 -0.001675489 -0.000884637
   36     7 -0.005067019 -0.000740496
   36    -7 -0.001323582  0.004545305
   36     8 -0.000123905  0.001274560
   36    -8 -0.001171911  0.004436019
   36     9 -0.000120489 -0.000182616
   36    -9 -0.000004893 -0.002492786
   36    10  0.001165207  0.000260645
   36   -10  0.001090790  0.000979274
   36    11  0.000562913  0.002516782
   36   -11 -0.001274592  0.001047358
   36    12  0.002357731  0.003331651
   36   -12 -0.001371069  0.001119718
   36    13  0.000228447  0.003692492
   36   -13 -0.000250041 -0.000027985
   36    14  0.001475021  0.000536524
   36   -14 -0.001259287  0.002934155
   36    15 -0.002980926 -0.002780781
   36   -15 -0.000386031  0.003063497
   36    16 -0.000382836 -0.001360932
   36   -16  0.002292213  0.002656441
   36    17 -0.002269234  0.002325968
   36   -17 -0.000499520 -0.002335741
   36    18 -0.000400075 -0.000893976
   36   -18  0.001659410 -0.002952351
   36    19 -0.003080104 -0.001100358
   36   -19 -0.004034074 -0.000931560
   36    20  0.003556681 -0.002191892
   36   -20 -0.001384203  0.000412255
   36    21  0.000561143  0.001129414
   36   -21 -0.004522825  0.003603749
   36    22 -0.006000585  0.005674168
   36   -22  0.003408529  0.000847354
   36    23  0.009513513  0.002224428
   36   -23 -0.000461263  0.001840304
   36    24  0.003082923  0.004923368
   36   -24 -0.003308036 -0.000504894
   36    25  0.001519667  0.001631149
   36   -25  0.003765186 -0.002099453
   36    26 -0.002194713 -0.002454437
   36   -26 -0.001541929  0.005175546
   36    27 -0.002182434  0.002082043
   36   -27  0.000703410 -0.001231256
   36    28  0.007239744  0.000501204
   36   -28 -0.002680109  0.001554369
   36    29  0.004859008 -0.005325108
   36   -29 -0.000009777 -0.003603010
   36    30 -0.007577750  0.002793932
   36   -30 -0.003779418  0.001395962
   36    31  0.003846224 -0.002741279
   36   -31 -0.004036105 -0.003633861
   36    32  0.006367750  0.002098618
   36   -32 -0.003855060  0.002262892
   36    33 -0.003496065 -0.001768474
   36   -33 -0.003437687  0.003726511
   36    34  0.002442163  0.001404109
   36   -34 -0.003877467 -0.008502800
   36    35 -0.006262069 -0.003870290
   36   -35 -0.002168434  0.006499301
   36    36 -0.002627801  0.002573381
   36   -36  0.005775469 -0.003030899
