# Created on 09-Feb-2024 15:17:36                                             
# CM6 estimation of the signal                                                
# First data line: N_max T (in hours)                                         
# Subsequent data lines: degree n   order m   a_n^m/b_n^m   c_n^m/d_n^m       
# where m >= 0 correspond to the cosine time dependent terms a_n^m resp c_n^m,
# and m < 0 correspond to the sine time dependent terms b_n^m resp d_n^m.     
   36 12.6583                                                                 
    1     0  0.009496104 -0.000225836
    1     1 -0.012409368  0.025530023
    1    -1  0.013191235  0.014392086
    2     0 -0.007357257  0.004208019
    2     1 -0.008023342 -0.012944994
    2    -1  0.003866070 -0.003927691
    2     2  0.007170043  0.002648868
    2    -2 -0.000552849  0.003251019
    3     0  0.009931396 -0.002984940
    3     1 -0.015161894  0.000698919
    3    -1  0.004040690  0.009784996
    3     2 -0.004073735 -0.001113592
    3    -2 -0.002621149 -0.016087414
    3     3  0.004668998 -0.009392041
    3    -3  0.016870650  0.000848092
    4     0  0.004045992 -0.001661509
    4     1  0.003082678 -0.008285329
    4    -1 -0.013643932 -0.016313076
    4     2  0.002123491 -0.013425921
    4    -2  0.007654112  0.011564841
    4     3 -0.018577791  0.009894767
    4    -3 -0.018685942  0.010444764
    4     4 -0.016546132  0.014227129
    4    -4  0.010793890  0.008409092
    5     0  0.010211031  0.000825102
    5     1 -0.008837155 -0.000995967
    5    -1  0.001867300  0.004561094
    5     2 -0.002698643  0.025712472
    5    -2  0.016884707 -0.006956148
    5     3  0.007781577 -0.015085674
    5    -3  0.016036570 -0.013532971
    5     4  0.005504786 -0.009988142
    5    -4 -0.017420108 -0.007166879
    5     5 -0.003860517 -0.010960796
    5    -5  0.003496956 -0.012066702
    6     0 -0.010187607 -0.016853911
    6     1  0.020497395  0.004131508
    6    -1 -0.001868251  0.013815468
    6     2  0.005507679 -0.009377152
    6    -2 -0.000849240  0.005875614
    6     3  0.010543062 -0.009345869
    6    -3 -0.012632384  0.007206337
    6     4 -0.010417456  0.004620468
    6    -4  0.007699738  0.019555825
    6     5 -0.002415015  0.011098875
    6    -5  0.002926976  0.005609911
    6     6 -0.001241627  0.007342541
    6    -6 -0.008616031  0.008077185
    7     0  0.002579669  0.009586854
    7     1  0.009915771  0.006805179
    7    -1 -0.011855927 -0.004998194
    7     2  0.005674452 -0.001322871
    7    -2 -0.009878184  0.009350707
    7     3 -0.015651439  0.003118767
    7    -3  0.001693040 -0.003151137
    7     4 -0.010992758 -0.000906624
    7    -4  0.008409168 -0.004662975
    7     5  0.003715476 -0.012017238
    7    -5  0.000797161 -0.010250843
    7     6 -0.007278940 -0.006630094
    7    -6  0.014427780 -0.000720963
    7     7  0.009408575 -0.012530463
    7    -7  0.002152857  0.011093618
    8     0 -0.000340892  0.002188877
    8     1 -0.000291036  0.002587305
    8    -1  0.005060791  0.004006081
    8     2  0.007920341  0.009766633
    8    -2 -0.012470272 -0.011581896
    8     3 -0.002462451 -0.005375354
    8    -3 -0.004926300  0.004008859
    8     4  0.004461895  0.002219595
    8    -4  0.005406339  0.004043434
    8     5  0.007674744 -0.003327877
    8    -5  0.007829760  0.006266262
    8     6  0.004970434  0.004136709
    8    -6 -0.005307265  0.016310019
    8     7 -0.009403506  0.005367919
    8    -7  0.001475027 -0.004360145
    8     8 -0.000776983  0.000537750
    8    -8 -0.002747674 -0.003917147
    9     0 -0.004456180  0.000864434
    9     1  0.007136681  0.002934596
    9    -1 -0.011498782 -0.000562208
    9     2  0.008979111  0.003196292
    9    -2  0.000570876 -0.001784492
    9     3 -0.000574309  0.000002330
    9    -3 -0.002897842  0.005194517
    9     4 -0.003030467 -0.002193146
    9    -4  0.001465045 -0.002970187
    9     5  0.009124961 -0.004885729
    9    -5  0.002398430 -0.002678834
    9     6  0.001393687  0.001742810
    9    -6 -0.000464604 -0.001220193
    9     7  0.002577111 -0.003622436
    9    -7  0.000806053 -0.000392135
    9     8  0.000017180 -0.001694841
    9    -8 -0.000222808  0.001745014
    9     9  0.007038834 -0.003443686
    9    -9  0.004433501  0.003524492
   10     0  0.004748675  0.001017393
   10     1 -0.001235506 -0.002053169
   10    -1 -0.000047027  0.005076584
   10     2  0.003610656  0.001558929
   10    -2  0.000136445 -0.008987965
   10     3 -0.003102680 -0.002135757
   10    -3 -0.008762232  0.001322223
   10     4 -0.007126792  0.002660866
   10    -4 -0.000322781  0.005952590
   10     5 -0.000767136  0.004406222
   10    -5  0.001319251  0.006799282
   10     6 -0.000104953  0.004707420
   10    -6  0.002442483  0.009713757
   10     7  0.004673571  0.005266407
   10    -7  0.001421793 -0.002032930
   10     8 -0.002616787  0.005156240
   10    -8  0.000826863  0.004377028
   10     9 -0.002112462  0.002703727
   10    -9  0.005765210 -0.000004673
   10    10  0.001008024  0.006326036
   10   -10 -0.000401624 -0.001231778
   11     0 -0.005654491  0.002596076
   11     1  0.005347154 -0.004135757
   11    -1 -0.010276062 -0.002545927
   11     2  0.003465119  0.004023914
   11    -2 -0.001348019 -0.002070175
   11     3  0.003079266 -0.001849956
   11    -3 -0.000869883  0.000081322
   11     4  0.000744908  0.005550795
   11    -4 -0.000220574  0.000855990
   11     5  0.002533356 -0.003704393
   11    -5  0.000737296 -0.001249361
   11     6 -0.002024853  0.001200963
   11    -6 -0.000122446 -0.001591063
   11     7 -0.002255242  0.000871880
   11    -7  0.000978502  0.000848960
   11     8  0.002627377 -0.003799517
   11    -8  0.002497452 -0.005448482
   11     9 -0.000373725 -0.006428023
   11    -9 -0.005621407  0.001353358
   11    10  0.003190328 -0.000432219
   11   -10  0.000672555  0.000615345
   11    11  0.000118254 -0.000131682
   11   -11 -0.005212211  0.003425766
   12     0  0.005062444  0.003350455
   12     1 -0.000756413 -0.003961429
   12    -1 -0.003341683 -0.000103222
   12     2  0.005700913  0.005947733
   12    -2  0.004388212 -0.006553034
   12     3 -0.003034838 -0.006143718
   12    -3 -0.003491206  0.002705473
   12     4 -0.002916704  0.002047423
   12    -4 -0.002581799  0.002420053
   12     5 -0.003695316  0.002087413
   12    -5  0.001743032  0.004201305
   12     6  0.000794768  0.003144522
   12    -6  0.005012369  0.005815299
   12     7  0.004430166 -0.000621726
   12    -7  0.000813549  0.001035135
   12     8  0.000603578  0.003166068
   12    -8 -0.003782532  0.003857656
   12     9  0.000547770  0.003110120
   12    -9  0.006641875  0.000199641
   12    10  0.004512711  0.000516035
   12   -10 -0.003631126  0.000848968
   12    11  0.002364657 -0.001922924
   12   -11 -0.000342531 -0.001208465
   12    12  0.005468354  0.002114574
   12   -12 -0.006719407 -0.003981582
   13     0 -0.005323878  0.000311466
   13     1  0.001783729 -0.002407369
   13    -1 -0.003757459 -0.002835245
   13     2  0.006747198  0.002600803
   13    -2 -0.002513389 -0.005155156
   13     3  0.001923704 -0.000201058
   13    -3 -0.001634853  0.001069126
   13     4  0.003273531  0.002938437
   13    -4 -0.000879324 -0.000140525
   13     5  0.003060719  0.001781851
   13    -5 -0.001462958 -0.002812634
   13     6 -0.002132929 -0.002094884
   13    -6 -0.000722656 -0.003655232
   13     7  0.002089175 -0.002375148
   13    -7  0.001902820  0.002682326
   13     8  0.004684858 -0.002797821
   13    -8  0.002840726  0.000207835
   13     9  0.001356868 -0.003241463
   13    -9 -0.002143926 -0.002342530
   13    10  0.000032594 -0.000169622
   13   -10 -0.003590199 -0.002825423
   13    11 -0.000292144 -0.001611044
   13   -11 -0.000267002  0.001067836
   13    12  0.001512499  0.000719275
   13   -12 -0.001056470  0.000606845
   13    13  0.002952937  0.002999969
   13   -13  0.005850904  0.006249203
   14     0 -0.000417945  0.000659607
   14     1  0.001054305 -0.001840998
   14    -1 -0.005053880 -0.000153422
   14     2  0.002165279  0.003035231
   14    -2  0.005624000 -0.004553125
   14     3 -0.003314500 -0.002183300
   14    -3  0.001925077  0.002649710
   14     4 -0.003016878  0.003435195
   14    -4  0.002082349  0.002906253
   14     5 -0.000844459  0.000994919
   14    -5  0.001612177  0.000265809
   14     6  0.000756944  0.000527567
   14    -6  0.000994470  0.002701701
   14     7  0.002855313  0.002132711
   14    -7  0.001898405 -0.002178536
   14     8  0.003179621  0.007234490
   14    -8 -0.000067155  0.000067012
   14     9  0.000612591  0.000676691
   14    -9 -0.000767677 -0.000324636
   14    10  0.000699836 -0.000149907
   14   -10 -0.000348364  0.000183595
   14    11  0.002261410 -0.002482610
   14   -11 -0.000048992 -0.000095168
   14    12 -0.000693685  0.001105109
   14   -12  0.001199384 -0.005340286
   14    13  0.000321298 -0.000296509
   14   -13 -0.000561797 -0.000765401
   14    14 -0.001169358 -0.001670243
   14   -14 -0.000559501 -0.002900383
   15     0 -0.001061471  0.000087278
   15     1 -0.001311966  0.001264824
   15    -1  0.003210873 -0.004083136
   15     2  0.003303932  0.001392219
   15    -2  0.003974317 -0.003700837
   15     3  0.002905220  0.000293016
   15    -3 -0.003013712 -0.000182909
   15     4 -0.000979440  0.002907432
   15    -4  0.001900360  0.002609171
   15     5  0.000486909  0.002607389
   15    -5 -0.000036070 -0.000594649
   15     6 -0.002267285  0.002199007
   15    -6 -0.003568584 -0.003394021
   15     7 -0.001222979 -0.003063296
   15    -7 -0.001346543  0.002684313
   15     8  0.001429251  0.000444780
   15    -8  0.000322923 -0.000573853
   15     9 -0.002595966  0.001724004
   15    -9 -0.002242780 -0.000119670
   15    10  0.001853999  0.002111161
   15   -10 -0.001077645 -0.004489050
   15    11 -0.001039823 -0.000641377
   15   -11 -0.001045719  0.001472303
   15    12  0.002192545 -0.002170369
   15   -12 -0.000983842  0.002277495
   15    13  0.003708477  0.003363372
   15   -13  0.001129725  0.005265145
   15    14 -0.001024383 -0.002117510
   15   -14  0.004678173 -0.002069818
   15    15  0.002696861 -0.000223311
   15   -15  0.006975705  0.003049920
   16     0 -0.004759582  0.001607467
   16     1  0.000436514 -0.000673384
   16    -1 -0.000875546 -0.002931817
   16     2  0.004979970 -0.001363016
   16    -2  0.001531869 -0.002224514
   16     3 -0.001991355 -0.000532087
   16    -3  0.002612453  0.004720481
   16     4  0.003337090  0.005715622
   16    -4  0.003727525  0.000934525
   16     5  0.002474191 -0.000255805
   16    -5 -0.001593901 -0.002935822
   16     6  0.001407914 -0.002383221
   16    -6 -0.001538734  0.001979868
   16     7  0.002884283 -0.000470936
   16    -7 -0.003091800  0.000825885
   16     8 -0.000430962  0.003588463
   16    -8  0.000125597  0.000832635
   16     9  0.002804228  0.000173524
   16    -9  0.000575598 -0.002341646
   16    10  0.000666651 -0.003185333
   16   -10 -0.001068420 -0.000420991
   16    11 -0.001245715 -0.000523536
   16   -11  0.000960660 -0.000418844
   16    12  0.002760177 -0.001478153
   16   -12  0.000760282 -0.001996428
   16    13  0.001065420 -0.001884528
   16   -13 -0.001459192  0.002737455
   16    14  0.002850212  0.000515893
   16   -14 -0.002915160 -0.003942764
   16    15  0.000350180 -0.001800313
   16   -15 -0.000380941  0.001426882
   16    16  0.004182353  0.001638798
   16   -16  0.005893986 -0.010652089
   17     0  0.005770162 -0.001817713
   17     1 -0.000976573  0.002041999
   17    -1  0.004355647 -0.001570486
   17     2  0.000485719  0.001550686
   17    -2  0.004394915 -0.004541438
   17     3  0.004035551  0.001519990
   17    -3 -0.000141774 -0.000241466
   17     4  0.001777083 -0.000489744
   17    -4 -0.001076221  0.002781972
   17     5 -0.001017883  0.000154624
   17    -5  0.000774573 -0.000335031
   17     6 -0.000522488  0.000564935
   17    -6 -0.003533065 -0.001931690
   17     7 -0.000728396 -0.001050798
   17    -7 -0.000426499  0.000145582
   17     8  0.000960351  0.000861595
   17    -8  0.002885790  0.001394611
   17     9 -0.003906043  0.001333670
   17    -9 -0.002221294 -0.002622661
   17    10  0.000911817  0.002046599
   17   -10 -0.000236058 -0.003819614
   17    11 -0.000380147 -0.000331148
   17   -11 -0.004069467  0.000306988
   17    12  0.001746191  0.002570897
   17   -12 -0.003439473 -0.000872273
   17    13 -0.003002113  0.000321793
   17   -13  0.000842321  0.003176315
   17    14  0.002011727  0.001116919
   17   -14  0.000510628  0.000609288
   17    15 -0.001168790  0.000189607
   17   -15  0.000326285  0.004385698
   17    16  0.002281772  0.001799876
   17   -16  0.000839436 -0.000939914
   17    17  0.002151323 -0.002271277
   17   -17 -0.003009716 -0.001985329
   18     0 -0.003551720 -0.001038422
   18     1 -0.002425357  0.003037617
   18    -1  0.003743768 -0.001269893
   18     2  0.003843167 -0.004065853
   18    -2  0.000296653 -0.003082000
   18     3 -0.003325402  0.001949975
   18    -3  0.000860964  0.005754152
   18     4  0.003369588  0.004652031
   18    -4  0.003496747 -0.001554170
   18     5  0.003264365  0.001029963
   18    -5 -0.004790822 -0.005275684
   18     6  0.001067270 -0.003225907
   18    -6 -0.002646330 -0.000394335
   18     7  0.001634242 -0.003550743
   18    -7 -0.003004133 -0.000172603
   18     8 -0.002098697  0.004506222
   18    -8 -0.000995483  0.002447827
   18     9  0.001448296 -0.000116192
   18    -9 -0.000590422  0.002573803
   18    10 -0.000727327  0.000422961
   18   -10 -0.002205118  0.000280955
   18    11 -0.000348588  0.000350479
   18   -11  0.004767428 -0.000682036
   18    12  0.000826493 -0.001547416
   18   -12  0.000064628 -0.000992180
   18    13  0.001182131 -0.001577696
   18   -13 -0.000714501  0.001973718
   18    14 -0.001528158  0.002657315
   18   -14 -0.001585690 -0.000089614
   18    15 -0.001678172 -0.000172185
   18   -15  0.000989877  0.003084764
   18    16 -0.002832089 -0.002163503
   18   -16 -0.003381344 -0.000576196
   18    17 -0.003394250 -0.000797852
   18   -17 -0.007841227  0.001355347
   18    18 -0.001146432 -0.004154072
   18   -18 -0.014232026 -0.000025959
   19     0  0.005562173  0.000612468
   19     1  0.000540065  0.003209641
   19    -1  0.000183580 -0.000606561
   19     2 -0.004315374  0.002025517
   19    -2  0.002434268  0.000065539
   19     3  0.003920050  0.003753005
   19    -3  0.005283549  0.001736446
   19     4  0.001776864  0.001191480
   19    -4 -0.000452250  0.002714569
   19     5 -0.004091009 -0.001056879
   19    -5 -0.002051077  0.001180185
   19     6  0.000575607  0.000056045
   19    -6 -0.002879818  0.002268579
   19     7 -0.000818056 -0.000454103
   19    -7 -0.001671766 -0.000287694
   19     8  0.000354189  0.001221121
   19    -8  0.003727550 -0.000366064
   19     9 -0.000989175  0.001143710
   19    -9 -0.001452829 -0.002860319
   19    10 -0.002431373 -0.001363040
   19   -10  0.000260840 -0.003247291
   19    11  0.000498254 -0.000955350
   19   -11 -0.002845753  0.000963271
   19    12  0.000521855  0.000568147
   19   -12  0.000178401 -0.001839094
   19    13 -0.000568487  0.000175092
   19   -13  0.001016624  0.001278094
   19    14 -0.002182486  0.002282109
   19   -14 -0.000591870 -0.001101111
   19    15 -0.001165390  0.002576892
   19   -15  0.002611619  0.003526980
   19    16  0.001750494  0.001618475
   19   -16 -0.001739509 -0.002089218
   19    17  0.002758741 -0.000538859
   19   -17 -0.000887314  0.001453605
   19    18 -0.000191438 -0.002158875
   19   -18  0.003129118  0.002556911
   19    19 -0.001176462 -0.000306072
   19   -19  0.002031619 -0.007961617
   20     0 -0.000720967 -0.001879559
   20     1 -0.004734576  0.001926917
   20    -1  0.004897514  0.000624369
   20     2  0.003564953 -0.002674590
   20    -2  0.001347224 -0.002182881
   20     3 -0.003854183 -0.000170805
   20    -3 -0.000881147  0.005219131
   20     4  0.002241494  0.000906601
   20    -4  0.003143042 -0.001645337
   20     5  0.002330540 -0.000662039
   20    -5 -0.005745756 -0.004869989
   20     6 -0.001688201 -0.002414298
   20    -6 -0.005381652 -0.000482691
   20     7 -0.001627046 -0.001999230
   20    -7 -0.002662140 -0.001878459
   20     8 -0.002443778  0.002171719
   20    -8 -0.000494098  0.001716379
   20     9 -0.000390065  0.000806142
   20    -9  0.000397085  0.001608991
   20    10  0.001834535  0.000550172
   20   -10 -0.001834302 -0.000312328
   20    11 -0.000691688 -0.001286751
   20   -11  0.002809807 -0.001926744
   20    12  0.003893380 -0.001056542
   20   -12  0.002925527  0.000238018
   20    13  0.002664201 -0.000935311
   20   -13 -0.000696656  0.002436067
   20    14  0.000535522 -0.000448354
   20   -14  0.000515246 -0.002490519
   20    15 -0.001712933 -0.000787382
   20   -15 -0.001744799  0.001997760
   20    16 -0.002218346 -0.000830612
   20   -16 -0.000019084 -0.001958495
   20    17 -0.000691713 -0.003933392
   20   -17 -0.003037971 -0.001850003
   20    18 -0.001685498 -0.002890777
   20   -18 -0.004383853 -0.004127518
   20    19  0.002564232  0.000113359
   20   -19 -0.001013510 -0.000259097
   20    20 -0.001697092  0.001535283
   20   -20 -0.005517397  0.000247118
   21     0  0.001543018 -0.000127680
   21     1  0.000638605  0.003812262
   21    -1 -0.000065553 -0.001357504
   21     2 -0.004104271  0.000261885
   21    -2 -0.001265936  0.001180919
   21     3  0.003168127  0.004195620
   21    -3  0.004012083 -0.000021159
   21     4  0.004419951 -0.001634044
   21    -4  0.000575995  0.000149814
   21     5 -0.005540225 -0.000558203
   21    -5 -0.002044020  0.000850836
   21     6  0.000483588  0.001641957
   21    -6 -0.000952293  0.002166007
   21     7 -0.001478712  0.001109413
   21    -7 -0.003424833  0.000617683
   21     8 -0.000009215  0.000517798
   21    -8  0.002798631  0.000496211
   21     9 -0.002218743  0.002186792
   21    -9 -0.001089100 -0.001657246
   21    10 -0.002933693  0.000022597
   21   -10  0.001066398 -0.003561942
   21    11 -0.001908614 -0.002683649
   21   -11 -0.000783843  0.000156620
   21    12 -0.001686284 -0.002105954
   21   -12  0.000087205  0.000559418
   21    13  0.002288089  0.000530437
   21   -13  0.000506614  0.001770140
   21    14 -0.000164334  0.003393504
   21   -14 -0.003516128 -0.000805517
   21    15 -0.000348118  0.000042003
   21   -15 -0.000440798 -0.001279205
   21    16  0.001535608  0.004329845
   21   -16  0.001389363 -0.000699849
   21    17  0.001124802 -0.000798340
   21   -17 -0.001181921  0.000886675
   21    18  0.000145421  0.001403805
   21   -18  0.001252131 -0.001579278
   21    19  0.000527299 -0.001465117
   21   -19 -0.001081566 -0.001631389
   21    20 -0.001838285  0.001125768
   21   -20  0.000456072 -0.002387812
   21    21 -0.006184761  0.000392356
   21   -21 -0.002549015  0.003820714
   22     0  0.002193097 -0.001179798
   22     1 -0.003798683  0.000437382
   22    -1  0.003190405  0.003000304
   22     2  0.000246472 -0.002435547
   22    -2  0.002244096  0.001015390
   22     3 -0.002032848  0.002515293
   22    -3 -0.004027251  0.004217570
   22     4 -0.002286924  0.000393151
   22    -4  0.001117873  0.000498803
   22     5 -0.001154447 -0.001937984
   22    -5 -0.004016160 -0.001885174
   22     6 -0.002813745 -0.002769208
   22    -6 -0.005157497  0.000439604
   22     7 -0.003129580 -0.002728432
   22    -7 -0.000957825 -0.003342513
   22     8 -0.000149652  0.000474281
   22    -8  0.001630410  0.000393081
   22     9 -0.000128807  0.000426313
   22    -9  0.002186135  0.002390715
   22    10  0.000915182  0.001141231
   22   -10 -0.001511875  0.001809197
   22    11  0.001025347  0.000916346
   22   -11  0.002791724 -0.000583733
   22    12  0.002557133 -0.000844905
   22   -12  0.000817415  0.002728076
   22    13  0.002917829  0.000022405
   22   -13 -0.002203071  0.001706195
   22    14  0.001341094  0.000761649
   22   -14 -0.001169510  0.000034581
   22    15 -0.001518588 -0.002269437
   22   -15 -0.000944599  0.002539790
   22    16 -0.002910276 -0.002612809
   22   -16  0.002485382  0.000756208
   22    17 -0.002550922 -0.003549909
   22   -17 -0.001997153  0.000679766
   22    18  0.000070888 -0.002321688
   22   -18 -0.003111551 -0.002649557
   22    19  0.000360590 -0.001220355
   22   -19 -0.002967246  0.001427590
   22    20 -0.003397611  0.000170255
   22   -20 -0.003444123 -0.000893179
   22    21 -0.001562290  0.000748400
   22   -21 -0.002243792  0.002192910
   22    22  0.000360973  0.002015407
   22   -22 -0.000290592  0.007814615
   23     0 -0.001306427 -0.000564882
   23     1 -0.000883451  0.001504991
   23    -1  0.000883859  0.000522689
   23     2 -0.004871256  0.001212643
   23    -2 -0.001527171  0.002232558
   23     3  0.000443757  0.001155577
   23    -3  0.000825183 -0.000334861
   23     4  0.002492013 -0.003022445
   23    -4  0.001783877 -0.001329603
   23     5 -0.004999397 -0.001464941
   23    -5 -0.004083773 -0.000733430
   23     6 -0.000040001  0.001741580
   23    -6  0.001166651  0.002104295
   23     7  0.000050359  0.003295686
   23    -7 -0.003523025 -0.000823252
   23     8 -0.001507261 -0.000951111
   23    -8  0.001099554  0.000567991
   23     9 -0.000410614  0.001753316
   23    -9 -0.000250289  0.000651979
   23    10 -0.001783327 -0.000065951
   23   -10  0.002053263 -0.003090744
   23    11  0.000062872 -0.000252087
   23   -11  0.001739264 -0.000172858
   23    12 -0.002863527 -0.000527062
   23   -12  0.000862074 -0.001914954
   23    13 -0.000007445 -0.001588620
   23   -13  0.002288838  0.002288365
   23    14 -0.000138407  0.005312473
   23   -14 -0.003750015 -0.001569293
   23    15 -0.002369537  0.000694017
   23   -15 -0.000277129 -0.004040862
   23    16  0.001860137 -0.000546723
   23   -16 -0.001682071 -0.002533947
   23    17  0.001078970  0.003091546
   23   -17  0.000922665  0.001622690
   23    18 -0.002201187  0.002372818
   23   -18  0.002211281 -0.000405422
   23    19 -0.000461251  0.001943359
   23   -19  0.001148777 -0.003270442
   23    20 -0.001181833 -0.001668613
   23   -20  0.001552793 -0.001159503
   23    21 -0.000570485 -0.002325562
   23   -21 -0.001118170 -0.000190023
   23    22  0.002658043 -0.003285601
   23   -22 -0.001487460 -0.001797810
   23    23 -0.001802006  0.002057162
   23   -23  0.003455250 -0.001640476
   24     0  0.001246534 -0.000053407
   24     1  0.000319625  0.000433203
   24    -1 -0.000489562  0.001316801
   24     2 -0.002375852 -0.001240074
   24    -2  0.000408335  0.002891978
   24     3 -0.000661658  0.001295429
   24    -3 -0.002993865  0.002547236
   24     4 -0.001930347  0.000676140
   24    -4  0.000954289  0.000344321
   24     5 -0.004900747 -0.000706364
   24    -5 -0.000438555 -0.000577296
   24     6 -0.003291730 -0.000502782
   24    -6 -0.002631588  0.003248624
   24     7 -0.003180533 -0.002995840
   24    -7  0.000856068 -0.002350437
   24     8  0.000581466 -0.000412351
   24    -8  0.002928363 -0.001719835
   24     9 -0.000472175 -0.000224154
   24    -9  0.001365817  0.000986218
   24    10  0.000848862  0.001599192
   24   -10 -0.002112801  0.000844832
   24    11  0.002410677 -0.000367298
   24   -11  0.001823103  0.001745041
   24    12  0.003229873  0.000079232
   24   -12 -0.001080826  0.003231304
   24    13  0.003435036  0.001012889
   24   -13 -0.003574352  0.002283083
   24    14 -0.001132006  0.000259652
   24   -14 -0.000704338 -0.001268498
   24    15 -0.001865225 -0.000880131
   24   -15 -0.000508198  0.000998486
   24    16 -0.001884875 -0.001727033
   24   -16  0.002893315  0.000769044
   24    17  0.001928541 -0.000612027
   24   -17  0.000576385  0.000408203
   24    18  0.002423658 -0.001905687
   24   -18 -0.002358642  0.000184202
   24    19  0.001649562 -0.001251738
   24   -19 -0.003111562  0.002881011
   24    20 -0.000244196 -0.001478413
   24   -20 -0.001979523  0.000091985
   24    21 -0.001206832 -0.000726635
   24   -21 -0.001143666  0.002289997
   24    22 -0.002524964  0.002651973
   24   -22  0.000267035  0.003184992
   24    23 -0.001640617 -0.001101279
   24   -23  0.002196652 -0.002352868
   24    24 -0.002559513 -0.000182320
   24   -24 -0.004922697  0.002347741
   25     0 -0.002357953  0.000036492
   25     1 -0.000206685 -0.000666622
   25    -1  0.001690457  0.001099100
   25     2 -0.003990590 -0.000809951
   25    -2 -0.002031428  0.004431990
   25     3  0.000769312  0.001510741
   25    -3 -0.001025293 -0.000239449
   25     4 -0.000338345 -0.004427722
   25    -4  0.002478788  0.000415879
   25     5 -0.003330218 -0.002360412
   25    -5 -0.002709590 -0.000003215
   25     6  0.000666716 -0.000256278
   25    -6  0.000338746  0.000254998
   25     7  0.001873648  0.002340131
   25    -7 -0.002242084  0.000276898
   25     8 -0.000757449 -0.000434614
   25    -8  0.000699691 -0.001911686
   25     9 -0.002154379  0.002586226
   25    -9 -0.000640173  0.004108702
   25    10 -0.001572259 -0.000277663
   25   -10  0.001141433 -0.000877178
   25    11  0.001062329  0.000038034
   25   -11  0.001826512 -0.001915644
   25    12 -0.001083442 -0.001889463
   25   -12 -0.000791670 -0.003102336
   25    13  0.002142376 -0.004336934
   25   -13  0.003035540  0.000356045
   25    14 -0.000078206  0.002015876
   25   -14 -0.001369260  0.001288466
   25    15 -0.002061918 -0.001015714
   25   -15  0.000139409 -0.003531274
   25    16  0.001416326 -0.000838082
   25   -16 -0.000684436 -0.002469233
   25    17  0.001045003 -0.001462363
   25   -17 -0.003307667  0.000532023
   25    18  0.000250662  0.000068196
   25   -18  0.000363650 -0.002753185
   25    19 -0.000299826  0.000144183
   25   -19  0.000953051 -0.003602059
   25    20 -0.001812525  0.000389596
   25   -20 -0.000336145 -0.001135596
   25    21 -0.002870918  0.000233223
   25   -21  0.002341806  0.000315466
   25    22  0.000604251 -0.001511125
   25   -22 -0.002499989 -0.000453890
   25    23  0.000061468 -0.000527564
   25   -23 -0.000587626  0.001991552
   25    24 -0.001046789  0.002652764
   25   -24  0.001240282 -0.002241489
   25    25  0.003797141  0.004177283
   25   -25 -0.001473004 -0.000015790
   26     0 -0.000354134 -0.000581826
   26     1  0.003378906 -0.000773035
   26    -1 -0.001728050  0.000515896
   26     2 -0.003430893 -0.001915377
   26    -2 -0.003285456  0.003804500
   26     3 -0.002596141  0.000853568
   26    -3 -0.001385082  0.000852059
   26     4 -0.001276768  0.000410319
   26    -4  0.001158614  0.001049650
   26     5 -0.005105015  0.000482120
   26    -5  0.001319580 -0.003003139
   26     6 -0.002219551  0.001125781
   26    -6 -0.000450111  0.002512301
   26     7 -0.002531014 -0.001321504
   26    -7 -0.000374295 -0.001827415
   26     8  0.001320541 -0.000765491
   26    -8  0.003085694  0.000060532
   26     9  0.001868430 -0.000769753
   26    -9  0.000040040  0.001940275
   26    10  0.001267283  0.001116685
   26   -10 -0.002284755  0.000514880
   26    11  0.001581444  0.001250437
   26   -11  0.001116676  0.000227156
   26    12  0.001252038 -0.000029862
   26   -12 -0.002625664  0.002487828
   26    13  0.000982863  0.003049150
   26   -13 -0.005032193  0.001059796
   26    14 -0.001444134  0.001019291
   26   -14 -0.000744708 -0.002039341
   26    15 -0.001087178 -0.001102410
   26   -15 -0.000410269  0.000697982
   26    16 -0.002236180 -0.003404915
   26   -16  0.001333004  0.001714613
   26    17 -0.000043459 -0.000203409
   26   -17  0.002585250  0.004085064
   26    18  0.001663126  0.001115212
   26   -18 -0.001491511 -0.000908757
   26    19  0.001719706 -0.001072321
   26   -19 -0.001635045  0.000469966
   26    20 -0.000176044 -0.001684919
   26   -20 -0.001644915  0.000402543
   26    21 -0.001770500 -0.001106713
   26   -21 -0.000422972  0.001973801
   26    22 -0.001643717  0.001661361
   26   -22  0.001284909  0.001495084
   26    23  0.000290341  0.000602721
   26   -23 -0.000624277  0.000800909
   26    24  0.000988718  0.000102389
   26   -24 -0.000691266  0.002918686
   26    25  0.001057279 -0.001995137
   26   -25 -0.000754741  0.001184670
   26    26  0.004660705  0.002039032
   26   -26  0.003752302 -0.005209033
   27     0 -0.001122071  0.002619764
   27     1 -0.001054360 -0.001575307
   27    -1  0.000865305 -0.000558335
   27     2 -0.002949419 -0.001649217
   27    -2 -0.000256668  0.004996962
   27     3  0.000909450  0.000903884
   27    -3 -0.001437631 -0.000739637
   27     4 -0.001446455 -0.002406243
   27    -4  0.003145912 -0.000863748
   27     5 -0.003226696  0.000372571
   27    -5 -0.000064402  0.001143723
   27     6  0.000293315 -0.000811815
   27    -6 -0.000937829  0.001357803
   27     7  0.003834600  0.000166261
   27    -7 -0.001519072  0.002218916
   27     8  0.000496400  0.000285680
   27    -8  0.000585412 -0.001740597
   27     9 -0.000300087  0.000682189
   27    -9  0.000457045  0.002292890
   27    10 -0.000692198  0.002305259
   27   -10 -0.000712691 -0.000202006
   27    11  0.000824946  0.002197304
   27   -11  0.000665532 -0.000907075
   27    12 -0.001748238 -0.000502537
   27   -12  0.000029877 -0.002764266
   27    13  0.002286658 -0.002951411
   27   -13  0.001967784 -0.000654258
   27    14  0.001357804  0.000606751
   27   -14 -0.001889844  0.000663090
   27    15 -0.000402017 -0.000594251
   27   -15 -0.001346914 -0.002858303
   27    16  0.000760669 -0.000250956
   27   -16 -0.000413792 -0.000449995
   27    17 -0.002150895 -0.000778425
   27   -17 -0.000914065  0.000538239
   27    18 -0.000842076 -0.001242822
   27   -18  0.000268790 -0.001237576
   27    19 -0.003023725  0.000205854
   27   -19  0.001024665 -0.001158821
   27    20 -0.000698482  0.001306053
   27   -20  0.001563212  0.000204952
   27    21 -0.000683410 -0.000946923
   27   -21  0.000123416  0.001386076
   27    22  0.000736721 -0.001881406
   27   -22  0.001255183 -0.000447259
   27    23 -0.001390491  0.000045604
   27   -23  0.000649370  0.001281164
   27    24  0.001972890  0.002225696
   27   -24 -0.000129805 -0.001324069
   27    25 -0.000714660  0.000570646
   27   -25  0.001305038 -0.001065555
   27    26 -0.002130775  0.003299690
   27   -26  0.003445934 -0.000302939
   27    27 -0.000270857  0.000835355
   27   -27  0.001587484 -0.000951686
   28     0 -0.002313031 -0.002501531
   28     1  0.001794656 -0.002442939
   28    -1 -0.000646872 -0.000051716
   28     2 -0.002372953 -0.002040166
   28    -2 -0.003329282  0.000893688
   28     3 -0.004394339  0.000140039
   28    -3 -0.001883232 -0.000624681
   28     4  0.001675331 -0.001309889
   28    -4  0.003397108 -0.000398956
   28     5 -0.004302514  0.000323164
   28    -5 -0.000025417 -0.001665093
   28     6 -0.000956603  0.002300564
   28    -6  0.000433008  0.002129288
   28     7 -0.000990429 -0.000294230
   28    -7  0.000763698 -0.002388240
   28     8  0.000453950  0.000209520
   28    -8  0.001762834  0.000184206
   28     9 -0.000866140 -0.000144746
   28    -9 -0.000233677  0.002895748
   28    10  0.000958985  0.001154028
   28   -10 -0.002861909  0.001493109
   28    11  0.000832039 -0.000036688
   28   -11  0.000437671 -0.000559559
   28    12  0.000606082 -0.000540038
   28   -12 -0.003298253  0.000849048
   28    13 -0.000922650  0.003858936
   28   -13 -0.005135214  0.001963637
   28    14 -0.003276224  0.001553309
   28   -14  0.000253856 -0.001831785
   28    15 -0.002004671 -0.000676213
   28   -15 -0.000507350  0.000443906
   28    16 -0.001199469 -0.003694680
   28   -16  0.002145422  0.000559127
   28    17  0.001673410  0.000362269
   28   -17  0.000631715  0.004206788
   28    18 -0.000069535  0.001424940
   28   -18 -0.001369399 -0.000235693
   28    19  0.000505463  0.000976168
   28   -19 -0.000266850 -0.000584118
   28    20  0.000515228 -0.001418760
   28   -20 -0.000536777 -0.000331862
   28    21  0.000876344  0.001913512
   28   -21 -0.002064049  0.000961527
   28    22  0.000506360  0.001093262
   28   -22 -0.001005695  0.002956112
   28    23  0.001373677  0.000022230
   28   -23  0.001251424  0.001025395
   28    24  0.000911515 -0.000125638
   28   -24 -0.001817448  0.001926588
   28    25  0.001178494 -0.000284463
   28   -25 -0.001103149  0.000698706
   28    26 -0.002642362  0.000176729
   28   -26  0.001183671 -0.002891142
   28    27 -0.000931519  0.001539173
   28   -27 -0.004032407 -0.002423215
   28    28  0.003401957  0.002393975
   28   -28 -0.000393180 -0.002981781
   29     0  0.000472122  0.002369354
   29     1  0.000678912 -0.001203439
   29    -1 -0.001140992 -0.001646235
   29     2 -0.001027148  0.001297366
   29    -2  0.000526651  0.002083387
   29     3  0.004718026 -0.000595336
   29    -3 -0.000948243 -0.000707041
   29     4 -0.002792595 -0.001178985
   29    -4  0.001332483 -0.000475010
   29     5 -0.002803949  0.000464671
   29    -5  0.002875090 -0.000225050
   29     6  0.002575959 -0.000457495
   29    -6 -0.002652103  0.001184931
   29     7  0.002797860 -0.000969273
   29    -7 -0.002373046  0.003124515
   29     8  0.001411768  0.000900346
   29    -8 -0.001087443 -0.000772384
   29     9  0.000481846  0.000326056
   29    -9  0.001379010  0.002488632
   29    10  0.000904099  0.001709257
   29   -10  0.000346029 -0.000799055
   29    11 -0.000040798  0.001700628
   29   -11  0.000074268 -0.001946374
   29    12 -0.001664202 -0.000594127
   29   -12 -0.000596421 -0.002415362
   29    13  0.003148213 -0.003945228
   29   -13  0.002395844 -0.001054516
   29    14  0.001401823 -0.000656157
   29   -14 -0.002162027 -0.000664931
   29    15 -0.000385963 -0.001259879
   29   -15 -0.000632289 -0.002503560
   29    16 -0.000110933  0.000024191
   29   -16 -0.000848073  0.000284344
   29    17 -0.001428148  0.001801836
   29   -17 -0.000801175  0.000543711
   29    18 -0.000356571 -0.000217144
   29   -18  0.001292978  0.000602426
   29    19 -0.001979301  0.001253376
   29   -19  0.000826610 -0.000118596
   29    20 -0.000673213  0.000450297
   29   -20  0.002017240 -0.001472528
   29    21 -0.001404328 -0.000048353
   29   -21  0.001338060 -0.002204413
   29    22 -0.000515006 -0.002675688
   29   -22  0.000352668 -0.002529089
   29    23 -0.001873856 -0.000117747
   29   -23 -0.001581284  0.000102686
   29    24 -0.000400212  0.000755237
   29   -24 -0.001936427 -0.001810704
   29    25 -0.001230531 -0.000548992
   29   -25 -0.001003821  0.001492914
   29    26  0.000887517 -0.001844638
   29   -26 -0.003476963 -0.000060830
   29    27  0.003227785 -0.000639293
   29   -27  0.004135064  0.000784873
   29    28 -0.002218762  0.003252693
   29   -28 -0.000640936  0.000965683
   29    29  0.002439495  0.000082451
   29   -29  0.000659442  0.000311752
   30     0 -0.001692122 -0.001663614
   30     1  0.000327128 -0.003401836
   30    -1  0.002592310  0.000626539
   30     2  0.001390779 -0.003278498
   30    -2 -0.001586672  0.000354029
   30     3 -0.004809283 -0.000582944
   30    -3 -0.002630853 -0.000623976
   30     4  0.000434339 -0.000520261
   30    -4  0.005002480 -0.000248842
   30     5 -0.001627995  0.001270562
   30    -5 -0.001787740 -0.001281305
   30     6  0.000620873  0.000690617
   30    -6 -0.001573439  0.002322795
   30     7 -0.000280406  0.000121452
   30    -7 -0.001390762 -0.000711823
   30     8  0.000969878 -0.000001114
   30    -8  0.001518177 -0.001128779
   30     9 -0.000767454 -0.000253462
   30    -9 -0.000082032  0.000931202
   30    10 -0.000263617  0.000897716
   30   -10 -0.003279163  0.000835432
   30    11  0.000034692  0.001022418
   30   -11  0.000134148 -0.000162161
   30    12  0.000860323 -0.002169770
   30   -12 -0.003531437  0.000908745
   30    13 -0.004229941  0.002915363
   30   -13 -0.003102066  0.001020491
   30    14 -0.004153686 -0.001049791
   30   -14  0.002005176 -0.002152340
   30    15 -0.001941234 -0.000295986
   30   -15  0.001323776  0.000778723
   30    16 -0.001755324 -0.003379603
   30   -16  0.003284822  0.001706687
   30    17  0.000938481  0.000921614
   30   -17  0.002343881  0.003297227
   30    18  0.000513353  0.002393631
   30   -18 -0.003378235 -0.000695819
   30    19  0.000874526  0.000439023
   30   -19 -0.000762222  0.001045497
   30    20  0.001080155 -0.000770457
   30   -20 -0.001901656 -0.000867026
   30    21 -0.000634783  0.000411297
   30   -21 -0.001404244  0.001862420
   30    22 -0.000467385  0.001849192
   30   -22 -0.000682734  0.001772930
   30    23 -0.002119883  0.001106407
   30   -23  0.000557504  0.001154866
   30    24 -0.001414302  0.000415367
   30   -24 -0.000061759  0.003071734
   30    25 -0.000495190  0.001358463
   30   -25 -0.001159675 -0.000574039
   30    26  0.002343544 -0.001056825
   30   -26  0.000729559 -0.001365081
   30    27 -0.000396370  0.001235533
   30   -27 -0.000688783  0.002494096
   30    28  0.002646072  0.004525425
   30   -28 -0.000768321  0.001361405
   30    29 -0.002977542  0.000398400
   30   -29 -0.000020080 -0.005362192
   30    30  0.002917324 -0.002201924
   30   -30  0.002649475  0.000653543
   31     0 -0.000032778  0.001894375
   31     1  0.000623075 -0.001116563
   31    -1 -0.003922483 -0.002360195
   31     2 -0.000737979 -0.000149682
   31    -2 -0.001888458  0.001113543
   31     3  0.004349801 -0.001059791
   31    -3  0.001177342 -0.002197480
   31     4 -0.000562639  0.000324543
   31    -4 -0.000334789  0.000362007
   31     5 -0.003258648  0.000980853
   31    -5  0.001705754 -0.000813247
   31     6  0.001760522 -0.000292246
   31    -6 -0.001433407 -0.000182646
   31     7  0.001824108 -0.001806360
   31    -7 -0.001420237  0.003513665
   31     8  0.001674315  0.001553253
   31    -8 -0.001207372  0.002464811
   31     9  0.000621871  0.000984737
   31    -9 -0.000365724  0.002782052
   31    10  0.002071412  0.002608432
   31   -10 -0.000832360 -0.000610885
   31    11  0.000175491  0.000079591
   31   -11 -0.001371066 -0.002299508
   31    12 -0.003289913 -0.000101370
   31   -12 -0.000097937 -0.002278873
   31    13  0.002537735 -0.002061975
   31   -13  0.002242354 -0.000596803
   31    14  0.002873833 -0.000994412
   31   -14 -0.003569626  0.000906413
   31    15  0.000820524 -0.001045358
   31   -15 -0.002321047 -0.002024758
   31    16  0.001247197 -0.001126511
   31   -16  0.000029404  0.000336796
   31    17 -0.000114953  0.000236834
   31   -17  0.000303404  0.001448752
   31    18 -0.000233058 -0.002423856
   31   -18  0.001819860  0.000774712
   31    19 -0.000548012  0.000525047
   31   -19  0.002146572  0.001022357
   31    20 -0.000938083 -0.000252562
   31   -20  0.002201759 -0.000689719
   31    21 -0.000045501  0.000308099
   31   -21  0.001737550  0.000134412
   31    22  0.001808961 -0.000885174
   31   -22 -0.000539272 -0.000803666
   31    23  0.000853354 -0.000084788
   31   -23  0.000576614  0.000407415
   31    24  0.001398704  0.000570321
   31   -24 -0.000357152 -0.001053124
   31    25  0.000262936 -0.000294983
   31   -25  0.000078263 -0.001823212
   31    26 -0.001097975  0.000154331
   31   -26  0.002168681  0.000027629
   31    27  0.002714253 -0.001174590
   31   -27  0.001817306 -0.001403177
   31    28 -0.001604979  0.000873734
   31   -28 -0.001132662 -0.000225484
   31    29  0.003507648 -0.000294409
   31   -29 -0.000495964  0.001624205
   31    30  0.001687990 -0.005219233
   31   -30  0.003008469 -0.000599106
   31    31 -0.005987904 -0.002627896
   31   -31  0.000895426  0.002329330
   32     0  0.000054015  0.000156232
   32     1 -0.001110931 -0.001325580
   32    -1  0.001211008  0.000234394
   32     2  0.005188740 -0.001485513
   32    -2  0.000579662 -0.001616251
   32     3 -0.002849586 -0.001102568
   32    -3 -0.002267649 -0.000356744
   32     4 -0.002157347  0.000730865
   32    -4  0.004494309 -0.001158567
   32     5  0.001427619  0.000568971
   32    -5 -0.001363757 -0.000955814
   32     6 -0.000134268  0.001050596
   32    -6 -0.003036149  0.002009058
   32     7 -0.000119855  0.000675147
   32    -7 -0.001702519 -0.000759020
   32     8  0.001590208 -0.000639890
   32    -8  0.000055731 -0.000151183
   32     9 -0.002230812 -0.000143367
   32    -9 -0.000183258 -0.000632136
   32    10 -0.000129031 -0.000206194
   32   -10 -0.002700360  0.000992659
   32    11 -0.001815370  0.001509922
   32   -11 -0.000483029  0.000460147
   32    12  0.001852141  0.000357709
   32   -12 -0.002224640 -0.000103355
   32    13 -0.004414435  0.002162104
   32   -13 -0.002707047  0.002169639
   32    14 -0.002271227 -0.001208100
   32   -14  0.003778723 -0.001765141
   32    15 -0.000737538 -0.001698076
   32   -15  0.001916845  0.002313228
   32    16 -0.002236114 -0.001590564
   32   -16  0.001578272  0.001042121
   32    17  0.002325458  0.000475285
   32   -17  0.002064918  0.001274512
   32    18  0.001986915  0.002352081
   32   -18 -0.001820801 -0.000705301
   32    19 -0.000904030  0.001446854
   32   -19 -0.001499813 -0.001702805
   32    20 -0.000071615 -0.001950487
   32   -20 -0.000545471 -0.000039475
   32    21 -0.000535136 -0.000591613
   32   -21 -0.000637806  0.001124704
   32    22 -0.000328791  0.001665954
   32   -22 -0.000230020  0.001481450
   32    23 -0.001001307  0.002734091
   32   -23  0.000034751  0.000854552
   32    24  0.000260137 -0.000917640
   32   -24 -0.000129007  0.000762284
   32    25  0.000710823  0.000847040
   32   -25  0.000946513 -0.000052979
   32    26  0.001202894  0.000828790
   32   -26  0.001119273 -0.002094166
   32    27  0.000418157  0.000279332
   32   -27  0.002141004 -0.000901957
   32    28  0.001859155 -0.000067110
   32   -28  0.000969204 -0.001003733
   32    29  0.001265382  0.005255367
   32   -29  0.001358945 -0.001843684
   32    30 -0.000364088 -0.000345412
   32   -30  0.000411160 -0.000698841
   32    31 -0.002672390  0.000025834
   32   -31 -0.003402161  0.003036141
   32    32 -0.003936847 -0.002738282
   32   -32  0.005659454  0.001129851
   33     0 -0.000466202  0.000957048
   33     1 -0.000100887 -0.000401250
   33    -1 -0.002358957 -0.001056625
   33     2 -0.000891391 -0.000218590
   33    -2 -0.002426040 -0.000602223
   33     3  0.002008090 -0.000828390
   33    -3  0.000605069 -0.002892265
   33     4  0.000255862 -0.000668090
   33    -4 -0.000364031  0.000217525
   33     5 -0.002773197  0.002267380
   33    -5  0.000274121 -0.001013142
   33     6  0.001753078 -0.001462161
   33    -6 -0.001207759  0.000037372
   33     7  0.001197054 -0.001724291
   33    -7 -0.001075274  0.003124167
   33     8  0.001892122  0.001192970
   33    -8 -0.000081298  0.002910870
   33     9  0.000833581  0.000132465
   33    -9  0.000177632  0.001745611
   33    10  0.001422808  0.001753633
   33   -10  0.000622492 -0.000516372
   33    11  0.001355457 -0.001463079
   33   -11 -0.002574569 -0.002217692
   33    12 -0.003287473 -0.001485389
   33   -12 -0.000678546  0.000637508
   33    13  0.001737216 -0.001285305
   33   -13  0.002681053 -0.000203676
   33    14  0.001894573  0.000291266
   33   -14 -0.003034975  0.000206389
   33    15 -0.000700931  0.000441102
   33   -15 -0.003020241 -0.001467525
   33    16 -0.000469288 -0.000644426
   33   -16 -0.000379737 -0.000577618
   33    17  0.000252302  0.000268930
   33   -17 -0.000201783  0.001462615
   33    18 -0.002460705  0.000275832
   33   -18 -0.000443350  0.001116014
   33    19 -0.000648315 -0.000093109
   33   -19  0.003217702  0.000515725
   33    20 -0.000387083  0.000176208
   33   -20  0.001285718  0.000026128
   33    21  0.000952052 -0.000391136
   33   -21  0.000936154 -0.000095612
   33    22  0.002977168 -0.002321583
   33   -22 -0.000770317 -0.001787584
   33    23 -0.000438857 -0.000691927
   33   -23 -0.001120810  0.000513286
   33    24 -0.000884634 -0.000317325
   33   -24 -0.000494069 -0.001751284
   33    25 -0.001315303 -0.000936326
   33   -25  0.000654914 -0.001102518
   33    26 -0.001279418  0.001481159
   33   -26 -0.000816160  0.000823263
   33    27  0.001815950  0.001048000
   33   -27  0.002634554 -0.002507865
   33    28  0.001766600 -0.000732238
   33   -28 -0.001310720 -0.001007573
   33    29  0.000125313  0.000390088
   33   -29  0.001320497 -0.000227772
   33    30  0.002915405 -0.002028532
   33   -30 -0.001598987  0.000195734
   33    31 -0.000467094  0.000405643
   33   -31  0.000781143  0.002814323
   33    32 -0.003272448 -0.000688086
   33   -32 -0.000853505  0.002095563
   33    33  0.001309381 -0.008090601
   33   -33 -0.003550578  0.008882001
   34     0  0.000378224 -0.000503570
   34     1  0.000223262 -0.000016870
   34    -1 -0.000562803 -0.000030049
   34     2  0.005163698 -0.000460307
   34    -2  0.002786648 -0.000896444
   34     3 -0.000641962 -0.001975613
   34    -3 -0.002747902  0.000214846
   34     4 -0.003872277  0.000998217
   34    -4  0.002775410  0.000168402
   34     5  0.000535129 -0.000184471
   34    -5  0.001814216 -0.001619620
   34     6  0.000440073  0.001345458
   34    -6 -0.003806926  0.001351646
   34     7 -0.000485754 -0.000002077
   34    -7 -0.003050850  0.000640634
   34     8  0.000068279 -0.001778822
   34    -8 -0.000716939 -0.000981815
   34     9 -0.001567770 -0.000906666
   34    -9  0.000223971 -0.001237649
   34    10  0.001421662 -0.000974307
   34   -10 -0.001024733 -0.000374257
   34    11 -0.002194128  0.001364248
   34   -11 -0.000541637  0.001475782
   34    12  0.000264922  0.001461322
   34   -12 -0.000624537 -0.000630620
   34    13 -0.002517645  0.001278737
   34   -13 -0.001461099  0.001551559
   34    14 -0.000252141 -0.000988128
   34   -14  0.004423307 -0.001020330
   34    15  0.000940514 -0.001164501
   34   -15  0.001301914  0.002192308
   34    16 -0.001231450  0.000323699
   34   -16  0.001955565  0.000934604
   34    17 -0.000452002  0.001938462
   34   -17  0.001856667  0.000427144
   34    18  0.001137936  0.000405936
   34   -18 -0.001343219 -0.001010707
   34    19 -0.001880143  0.000305245
   34   -19 -0.003152508 -0.000938974
   34    20  0.001194221 -0.001691377
   34   -20 -0.001741513 -0.000478258
   34    21  0.001191441  0.000477923
   34   -21 -0.001508520  0.002512388
   34    22 -0.002002674  0.002273387
   34   -22  0.001457800  0.000694990
   34    23  0.000131920  0.001148438
   34   -23  0.001694654  0.000612142
   34    24  0.000560897 -0.001137241
   34   -24 -0.000043821  0.000747103
   34    25  0.000103759 -0.000922647
   34   -25 -0.000795726  0.001949762
   34    26  0.000917051 -0.001942952
   34   -26 -0.000909294  0.000985008
   34    27 -0.000965005  0.000089472
   34   -27 -0.000632925  0.000498903
   34    28 -0.000564942 -0.000272827
   34   -28  0.001451103  0.001051980
   34    29  0.000250251  0.000660719
   34   -29 -0.001332809 -0.002187222
   34    30  0.001699583  0.000828687
   34   -30  0.001402736  0.002157547
   34    31 -0.000746098  0.000234225
   34   -31 -0.000565328 -0.000294777
   34    32 -0.001360895 -0.000668559
   34   -32 -0.000554279  0.001843801
   34    33  0.000351769 -0.001921613
   34   -33 -0.005406777 -0.000035070
   34    34 -0.003623013  0.002217232
   34   -34  0.003171702  0.003456436
   35     0 -0.000786665  0.000307355
   35     1  0.000133609  0.000572812
   35    -1 -0.000654440 -0.000661040
   35     2 -0.000265321 -0.000567958
   35    -2 -0.001763944 -0.000867948
   35     3 -0.000049741 -0.000961947
   35    -3  0.000935664 -0.000312983
   35     4  0.000498316 -0.000047981
   35    -4 -0.000637626  0.000819227
   35     5 -0.000881556  0.000524085
   35    -5 -0.001173440  0.000169378
   35     6  0.001400492  0.000399838
   35    -6  0.000389452 -0.000016300
   35     7  0.001900044 -0.001554832
   35    -7 -0.000420021  0.002816027
   35     8  0.001140096  0.001105449
   35    -8  0.000384175  0.002019903
   35     9  0.000747419  0.001442572
   35    -9 -0.000463178  0.000724761
   35    10  0.000609808  0.001636840
   35   -10 -0.000047005  0.000251017
   35    11  0.000978779 -0.000593563
   35   -11 -0.001586925 -0.001018794
   35    12 -0.003284482 -0.001409337
   35   -12 -0.002076367  0.000473330
   35    13  0.000053732 -0.001473813
   35   -13  0.002048020 -0.000037609
   35    14  0.001594357 -0.001076207
   35   -14 -0.002096941  0.000498463
   35    15 -0.000815974  0.000521461
   35   -15 -0.001516098 -0.000406349
   35    16 -0.000210743  0.000023274
   35   -16 -0.000261158 -0.001318687
   35    17  0.000282035  0.000761004
   35   -17  0.000430809  0.001589882
   35    18 -0.000749251  0.000585568
   35   -18  0.000079515  0.001415304
   35    19  0.000050972  0.001718774
   35   -19  0.003294740  0.000650203
   35    20 -0.000490377  0.001470359
   35   -20  0.000894075 -0.000226450
   35    21  0.001686235  0.001349759
   35   -21  0.001121318  0.000630783
   35    22  0.001122703 -0.001349587
   35   -22 -0.001364026 -0.000078478
   35    23 -0.001514214 -0.000530600
   35   -23 -0.001481587 -0.000532783
   35    24  0.000667966  0.002203386
   35   -24 -0.001029226 -0.000682113
   35    25 -0.001518567 -0.000051208
   35   -25 -0.000228761 -0.000353913
   35    26 -0.000338072  0.001424693
   35   -26  0.000809565 -0.001388555
   35    27  0.002077752 -0.000306358
   35   -27  0.001978653 -0.000470721
   35    28 -0.000278126 -0.000106227
   35   -28 -0.001147288 -0.001134456
   35    29 -0.001675639  0.000124586
   35   -29  0.000596782 -0.000866796
   35    30  0.000198558 -0.001103886
   35   -30  0.000160646 -0.000375550
   35    31  0.000498847 -0.000384089
   35   -31 -0.000678612  0.000339830
   35    32 -0.000275585 -0.000371894
   35   -32 -0.001435501  0.001065420
   35    33 -0.000871546 -0.005186034
   35   -33 -0.005055022  0.001346107
   35    34 -0.000939133 -0.003639278
   35   -34 -0.002307740  0.006591455
   35    35  0.002572252 -0.005854639
   35   -35 -0.002184090  0.002141172
   36     0  0.000349600  0.000352827
   36     1 -0.000762709  0.000854454
   36    -1 -0.001481330 -0.000345450
   36     2  0.001708903 -0.001116515
   36    -2  0.001521250 -0.001246363
   36     3  0.000682730 -0.001618260
   36    -3 -0.000948347  0.000298667
   36     4 -0.001844014  0.001604110
   36    -4 -0.000345952  0.000900802
   36     5 -0.001228635  0.000395014
   36    -5  0.001703895 -0.001679183
   36     6 -0.000164371  0.000361660
   36    -6 -0.002018457  0.000940829
   36     7 -0.001581508  0.000467429
   36    -7 -0.001985280  0.001210175
   36     8 -0.000465896 -0.001120245
   36    -8 -0.001862048  0.000185596
   36     9 -0.001821867 -0.000619800
   36    -9 -0.000043587 -0.000080906
   36    10  0.000938402 -0.000904778
   36   -10 -0.000178996 -0.000502382
   36    11 -0.001341601  0.000208592
   36   -11 -0.001235618  0.000471962
   36    12  0.000575815  0.002177907
   36   -12 -0.000060811 -0.001004588
   36    13 -0.001301929  0.001305355
   36   -13 -0.001074610  0.001184585
   36    14 -0.001003213  0.000311302
   36   -14  0.002533068 -0.000109701
   36    15  0.001352676 -0.000483911
   36   -15  0.000748293  0.001904512
   36    16  0.000562902 -0.001090597
   36   -16  0.000611730  0.001543517
   36    17 -0.001366759  0.001063480
   36   -17  0.001461978  0.000549341
   36    18  0.000700382  0.000396868
   36   -18  0.000001557 -0.000477298
   36    19 -0.000574767  0.000065910
   36   -19 -0.001790281 -0.000819960
   36    20  0.000914033 -0.000937752
   36   -20  0.000572398 -0.001074554
   36    21  0.000256403 -0.000047957
   36   -21  0.000176848  0.000038316
   36    22 -0.000964566  0.000534766
   36   -22 -0.001512304 -0.000575444
   36    23  0.000098448  0.001499165
   36   -23  0.000819112  0.000582002
   36    24 -0.000471141 -0.001075259
   36   -24  0.001375251  0.000466418
   36    25  0.000146695  0.000639819
   36   -25  0.001473910 -0.000474118
   36    26 -0.000695324  0.000469744
   36   -26  0.001749503 -0.000286394
   36    27 -0.000736212  0.000307291
   36   -27  0.000825162  0.000333698
   36    28  0.001958117  0.000485155
   36   -28 -0.001037555  0.000782269
   36    29  0.000350297  0.001336136
   36   -29 -0.001533703  0.000079875
   36    30 -0.001410744 -0.000277513
   36   -30 -0.002093159 -0.000649959
   36    31 -0.000322568 -0.003187128
   36   -31  0.000006689 -0.001383726
   36    32  0.002286885 -0.000421123
   36   -32  0.002430848  0.002025330
   36    33 -0.004942319  0.000192553
   36   -33 -0.002740552  0.000368779
   36    34 -0.004353981  0.001576535
   36   -34 -0.000191444  0.001893640
   36    35 -0.004438896 -0.000458108
   36   -35 -0.001972827 -0.002885408
   36    36 -0.005570738 -0.000015162
   36   -36 -0.003882343  0.001515623
