# Created on 09-Feb-2024 15:17:36                                             
# CM6 estimation of the signal                                                
# First data line: N_max T (in hours)                                         
# Subsequent data lines: degree n   order m   a_n^m/b_n^m   c_n^m/d_n^m       
# where m >= 0 correspond to the cosine time dependent terms a_n^m resp c_n^m,
# and m < 0 correspond to the sine time dependent terms b_n^m resp d_n^m.     
   36 25.8193                                                                 
    1     0  0.037953343  0.027307289
    1     1  0.042763793 -0.021172496
    1    -1 -0.027241886 -0.027063856
    2     0  0.005996786  0.015831311
    2     1 -0.015607150  0.019347753
    2    -1  0.010276498  0.015687204
    2     2 -0.005867170 -0.015813672
    2    -2  0.018251548 -0.017693663
    3     0  0.001765237  0.001103375
    3     1 -0.011628146 -0.040268699
    3    -1 -0.041643700  0.010927849
    3     2  0.003329885  0.016666667
    3    -2 -0.000147089  0.011142513
    3     3 -0.002168777  0.018968440
    3    -3 -0.006053880 -0.003197150
    4     0 -0.005046021 -0.005394270
    4     1 -0.000842250  0.017044333
    4    -1  0.024817106 -0.009183847
    4     2  0.012968504  0.015196917
    4    -2  0.027532874 -0.014557233
    4     3  0.006105096 -0.025172748
    4    -3 -0.003772811  0.023251478
    4     4  0.009626924  0.005607546
    4    -4  0.007727547 -0.004597661
    5     0 -0.016254722 -0.009557851
    5     1  0.004804562 -0.015334572
    5    -1  0.001228218 -0.018599907
    5     2  0.005914948 -0.005901077
    5    -2 -0.014284817  0.015972018
    5     3 -0.001279682  0.002528441
    5    -3 -0.016418186 -0.000664245
    5     4 -0.000094915  0.006120765
    5    -4  0.010399687 -0.013531369
    5     5 -0.015423450 -0.008711692
    5    -5  0.002395033  0.000219627
    6     0  0.006053787  0.010257565
    6     1  0.006222201  0.002654858
    6    -1 -0.010381133  0.011923516
    6     2 -0.000424062  0.013245953
    6    -2  0.021081697  0.003321744
    6     3 -0.003248455  0.000534306
    6    -3 -0.001007650 -0.001422622
    6     4 -0.005413613  0.002060736
    6    -4 -0.002669808  0.003668083
    6     5  0.007345397  0.010254581
    6    -5 -0.003110515 -0.001115317
    6     6 -0.002754982  0.000677093
    6    -6 -0.013419864 -0.004565435
    7     0 -0.009399824 -0.006939388
    7     1  0.009439692 -0.004478777
    7    -1  0.011645353  0.001505756
    7     2  0.003199917 -0.010075920
    7    -2 -0.016447418  0.011215591
    7     3 -0.007451724  0.010790799
    7    -3 -0.005539019  0.001064841
    7     4  0.003735578  0.002714990
    7    -4  0.008167364 -0.002267507
    7     5 -0.003437485 -0.004553273
    7    -5 -0.002348681 -0.002559061
    7     6 -0.004010871  0.000756452
    7    -6  0.005124366 -0.005356931
    7     7 -0.002878379  0.005591918
    7    -7  0.006644461 -0.001593053
    8     0 -0.000910529  0.007400425
    8     1 -0.002119567 -0.006978136
    8    -1 -0.018222982  0.003716609
    8     2 -0.013275655  0.011753384
    8    -2  0.014720521  0.001365045
    8     3  0.007032674 -0.004824665
    8    -3  0.014422000 -0.009730893
    8     4  0.002565048 -0.005620282
    8    -4  0.000127150  0.004267119
    8     5  0.002424529  0.001841844
    8    -5 -0.002926429 -0.003214743
    8     6 -0.002788604  0.005366548
    8    -6 -0.004241011  0.003951319
    8     7  0.002643682  0.001282152
    8    -7 -0.002581277  0.003639297
    8     8  0.003041082  0.001818933
    8    -8 -0.003157437 -0.003634478
    9     0 -0.007939138 -0.002471710
    9     1  0.003264540  0.000539433
    9    -1  0.013068296  0.002144449
    9     2  0.010458891 -0.003873166
    9    -2 -0.009034989  0.000592623
    9     3 -0.004164672  0.000248396
    9    -3 -0.013487339  0.005946960
    9     4 -0.001021561  0.004580400
    9    -4  0.000621728 -0.003163119
    9     5 -0.002872486 -0.001319251
    9    -5 -0.001244850 -0.001027637
    9     6 -0.001167917 -0.003805171
    9    -6 -0.000440044 -0.001432414
    9     7 -0.005695526  0.005896392
    9    -7  0.002982044  0.002172767
    9     8  0.000229733  0.004420757
    9    -8  0.002269746 -0.001986282
    9     9  0.002605591 -0.002337938
    9    -9  0.001023772  0.005133422
   10     0 -0.009245898  0.003780275
   10     1 -0.000193678 -0.002854809
   10    -1 -0.009628297  0.000560825
   10     2 -0.007852171  0.011432563
   10    -2  0.000245373  0.006858279
   10     3  0.004982624  0.008216521
   10    -3  0.017187023 -0.004348010
   10     4  0.006928797 -0.005976460
   10    -4 -0.002212162 -0.000650154
   10     5  0.003815481 -0.004436314
   10    -5 -0.002549588  0.002799916
   10     6 -0.001473351  0.000535026
   10    -6 -0.006454341  0.001100300
   10     7 -0.000681067  0.001539851
   10    -7  0.002247998 -0.000809661
   10     8  0.002106220 -0.003313487
   10    -8 -0.001426093  0.000615158
   10     9 -0.002754671  0.002047956
   10    -9 -0.002495329 -0.001555514
   10    10 -0.002557748 -0.005099645
   10   -10  0.000651390 -0.001368000
   11     0 -0.005920402  0.003868058
   11     1  0.003109122 -0.001720418
   11    -1  0.002943829  0.010465073
   11     2  0.008834607 -0.002493501
   11    -2  0.000238185  0.002685928
   11     3  0.001736614 -0.005416437
   11    -3 -0.003528264  0.006742775
   11     4 -0.003047986 -0.004270987
   11    -4 -0.003360131  0.001812426
   11     5 -0.008529004  0.005122398
   11    -5  0.000951112  0.000139916
   11     6 -0.000408027  0.001051272
   11    -6  0.000409617 -0.006988637
   11     7 -0.002367885  0.003303298
   11    -7  0.002933080 -0.000420601
   11     8 -0.001326221  0.001293108
   11    -8  0.000795804 -0.002904018
   11     9 -0.003650413 -0.001865083
   11    -9  0.006400677  0.000741776
   11    10  0.001424000  0.000331939
   11   -10  0.000833418 -0.002926279
   11    11 -0.007841096 -0.002435972
   11   -11 -0.001968190  0.001719685
   12     0 -0.002487683 -0.005227478
   12     1  0.002598521 -0.002068729
   12    -1 -0.000644835  0.001535971
   12     2  0.001509737  0.005741564
   12    -2  0.000112277  0.004173027
   12     3  0.001747881  0.007987790
   12    -3  0.010304289 -0.003610775
   12     4  0.003484189  0.003386319
   12    -4 -0.000413231 -0.006592712
   12     5 -0.001906673 -0.003864245
   12    -5 -0.000751094 -0.002385634
   12     6 -0.000530937  0.001373714
   12    -6 -0.005359695  0.004263909
   12     7 -0.000194810  0.002392078
   12    -7 -0.000551457  0.003577568
   12     8  0.000579347 -0.001850995
   12    -8 -0.001819272 -0.001908749
   12     9  0.000203440  0.001630174
   12    -9  0.000100666 -0.002531281
   12    10  0.002018176 -0.004024583
   12   -10 -0.001152031 -0.002830004
   12    11 -0.003892104 -0.003068963
   12   -11  0.003551274 -0.000023260
   12    12 -0.003058775  0.000233023
   12   -12 -0.001492683 -0.001129906
   13     0 -0.006060413  0.008893906
   13     1 -0.000587416 -0.000605660
   13    -1  0.000688842  0.004810737
   13     2 -0.001258789  0.006846248
   13    -2  0.004118108  0.002152983
   13     3  0.000079999 -0.005511205
   13    -3 -0.001700973  0.003350198
   13     4  0.001036599 -0.003175366
   13    -4 -0.004765036  0.003166003
   13     5 -0.005824020  0.001989086
   13    -5  0.001040075  0.007282763
   13     6 -0.000235224  0.004423739
   13    -6  0.001782577 -0.002280676
   13     7 -0.000413236  0.001679746
   13    -7  0.002562286  0.000069464
   13     8 -0.000829563 -0.002313328
   13    -8 -0.000446620  0.000880754
   13     9 -0.000254058  0.000131878
   13    -9  0.001984600  0.006224963
   13    10  0.003028980  0.000135893
   13   -10 -0.001115519 -0.003329496
   13    11 -0.002576579  0.000253187
   13   -11 -0.000438777 -0.002485070
   13    12  0.004707169 -0.003158921
   13   -12  0.000807726 -0.001108329
   13    13 -0.000907338 -0.003210036
   13   -13  0.002705212  0.001924027
   14     0  0.001610397 -0.004661757
   14     1  0.004350803 -0.000841617
   14    -1  0.002980118  0.006645038
   14     2  0.006237581  0.004075488
   14    -2  0.001427083 -0.000198064
   14     3 -0.001733507  0.001052458
   14    -3  0.002604178  0.000605421
   14     4 -0.000250148  0.004560802
   14    -4 -0.001308707 -0.003209256
   14     5 -0.001975262 -0.004303104
   14    -5  0.002870326 -0.002781137
   14     6  0.002229616 -0.004476139
   14    -6 -0.001609762 -0.000463015
   14     7 -0.001203423 -0.000098548
   14    -7  0.003774020  0.004783135
   14     8 -0.000823533 -0.001949552
   14    -8 -0.001567472 -0.000297249
   14     9 -0.000441114  0.005153010
   14    -9  0.001933336 -0.005297895
   14    10 -0.000093555 -0.005249508
   14   -10  0.001467905 -0.006000984
   14    11 -0.001798676 -0.002863969
   14   -11 -0.000452047  0.002384744
   14    12  0.000416380  0.002277992
   14   -12 -0.000886546  0.000185239
   14    13  0.001284095  0.000544705
   14   -13  0.000144377 -0.002037017
   14    14  0.007307569  0.000390291
   14   -14 -0.006431234  0.002596572
   15     0 -0.003096759  0.004466219
   15     1 -0.002835774 -0.000033426
   15    -1  0.000660724  0.001091394
   15     2 -0.002892099  0.002210206
   15    -2  0.004840495 -0.004853285
   15     3  0.000606507  0.000252835
   15    -3  0.005061752 -0.000733313
   15     4  0.005179851 -0.001725831
   15    -4 -0.000673307 -0.000407221
   15     5 -0.001212980 -0.001029483
   15    -5  0.001027046  0.005441778
   15     6 -0.000335385  0.005360467
   15    -6  0.002372838  0.001059709
   15     7 -0.002914305  0.004321487
   15    -7 -0.002295096  0.000088050
   15     8 -0.001992015  0.000336258
   15    -8  0.000090993 -0.002317118
   15     9  0.000404036 -0.000532546
   15    -9  0.002206171  0.004629441
   15    10 -0.000014052  0.001037718
   15   -10 -0.001559467  0.000671892
   15    11 -0.004170191  0.001279735
   15   -11  0.000289946  0.000040891
   15    12  0.001237775  0.000530940
   15   -12  0.004740007 -0.002015456
   15    13  0.002428917 -0.000236706
   15   -13  0.000637392  0.000891301
   15    14  0.001183229 -0.002818032
   15   -14  0.004354896 -0.002098293
   15    15  0.007711965  0.008944999
   15   -15 -0.003774955  0.005663496
   16     0  0.002807863 -0.000085218
   16     1  0.000672559  0.002273854
   16    -1  0.002525909  0.004487568
   16     2  0.005941182  0.009136317
   16    -2  0.002184745 -0.000968470
   16     3  0.000125916  0.003072355
   16    -3 -0.002905183  0.002736625
   16     4 -0.005541209  0.003584549
   16    -4 -0.002595394 -0.000267779
   16     5 -0.008484699 -0.002455296
   16    -5  0.002647452 -0.000330153
   16     6 -0.000605010  0.001571473
   16    -6 -0.000481928 -0.003620033
   16     7 -0.000187028 -0.001078195
   16    -7  0.000090077  0.002001057
   16     8  0.001501624 -0.001472198
   16    -8 -0.002083708  0.000604237
   16     9  0.001424529  0.002037098
   16    -9  0.000809799 -0.003340281
   16    10  0.001321063 -0.005130466
   16   -10  0.001747950 -0.003774823
   16    11 -0.000184193 -0.005384526
   16   -11  0.000847345  0.001757789
   16    12  0.000533575  0.000450651
   16   -12 -0.001273295  0.003525092
   16    13  0.001097105 -0.001432311
   16   -13 -0.002399999  0.000758314
   16    14 -0.000751840  0.001538226
   16   -14 -0.001794885  0.001277381
   16    15 -0.001597628  0.000625065
   16   -15 -0.001017544  0.000018234
   16    16 -0.007209972  0.000996961
   16   -16 -0.001244691  0.006293505
   17     0  0.000362009 -0.001640312
   17     1 -0.002474422  0.000418583
   17    -1  0.001709447  0.000077356
   17     2 -0.000793381  0.001773652
   17    -2  0.003009741 -0.005859438
   17     3  0.002976919 -0.000654048
   17    -3  0.004072375 -0.001735567
   17     4  0.004575060  0.001138300
   17    -4 -0.002235827  0.000043465
   17     5  0.001566253 -0.001883130
   17    -5 -0.000103166 -0.001488189
   17     6  0.001423560  0.003070788
   17    -6 -0.000211346  0.001605798
   17     7 -0.002235574  0.000900416
   17    -7 -0.001804564  0.001335143
   17     8 -0.001349825  0.001829063
   17    -8  0.000085880  0.001726887
   17     9 -0.002367949 -0.000606035
   17    -9  0.002598027  0.001508771
   17    10 -0.000550133 -0.000648602
   17   -10 -0.000175926 -0.002832903
   17    11 -0.003884370  0.002394159
   17   -11  0.000790653 -0.001095079
   17    12  0.000867702  0.001750867
   17   -12  0.004130184 -0.002701509
   17    13  0.001857396  0.001076965
   17   -13  0.000732420 -0.001727495
   17    14  0.002032387 -0.002337784
   17   -14  0.001836096  0.005051819
   17    15  0.002961374  0.000596351
   17   -15 -0.001411062 -0.001312933
   17    16 -0.002980824 -0.003319769
   17   -16  0.000802681  0.003301097
   17    17  0.002627675  0.003391381
   17   -17 -0.002642034 -0.000772574
   18     0  0.007184439  0.000616216
   18     1 -0.001287646  0.001772635
   18    -1  0.000537331  0.000327187
   18     2 -0.000182425  0.006572409
   18    -2  0.007209339 -0.002307946
   18     3 -0.001972550  0.001539280
   18    -3 -0.001711485  0.003273585
   18     4 -0.006124025  0.001181627
   18    -4 -0.001648069 -0.000350224
   18     5 -0.006367400 -0.001158112
   18    -5  0.005470632  0.000830955
   18     6 -0.001396402  0.003531399
   18    -6  0.000624424 -0.002668572
   18     7 -0.002460492 -0.000420345
   18    -7  0.002035907 -0.000924998
   18     8  0.001405209 -0.002734728
   18    -8 -0.001176743 -0.001117466
   18     9  0.000249620  0.003457022
   18    -9  0.000536173 -0.001974997
   18    10  0.000978585 -0.002046786
   18   -10  0.002179056 -0.001102706
   18    11  0.000198051 -0.002415261
   18   -11 -0.001532672  0.001523978
   18    12 -0.000699686 -0.001914861
   18   -12 -0.000513769  0.001436226
   18    13  0.000141519 -0.001511314
   18   -13 -0.001546069  0.001365921
   18    14 -0.000797687  0.001217929
   18   -14 -0.002082509  0.003288465
   18    15 -0.001747709 -0.000343637
   18   -15 -0.000381322  0.000597474
   18    16 -0.000227776  0.000400290
   18   -16  0.000740939  0.005263989
   18    17  0.000042467  0.000305504
   18   -17 -0.002028086  0.000482957
   18    18  0.005597544 -0.002277269
   18   -18 -0.009285890 -0.004282162
   19     0 -0.000276752 -0.004765973
   19     1 -0.004796822  0.002889126
   19    -1  0.001940124  0.000740496
   19     2  0.002844575 -0.002223153
   19    -2 -0.000368338 -0.007209844
   19     3  0.001555696 -0.001106460
   19    -3  0.000390814 -0.002069290
   19     4  0.003451699 -0.001108932
   19    -4 -0.003727872 -0.002211951
   19     5  0.002327968  0.000117174
   19    -5 -0.001870888 -0.002456673
   19     6  0.000217451 -0.000877120
   19    -6 -0.003347545  0.001217518
   19     7 -0.000479126 -0.000366025
   19    -7 -0.002665224  0.003906153
   19     8 -0.001113111  0.002467227
   19    -8 -0.000902137  0.002575473
   19     9 -0.001806226  0.000596311
   19    -9  0.002836858  0.003002724
   19    10  0.002835399  0.000297860
   19   -10 -0.002063648 -0.000830440
   19    11 -0.003275520  0.000291926
   19   -11  0.002053718 -0.002536340
   19    12  0.001677487 -0.000624271
   19   -12  0.002819059 -0.001712566
   19    13  0.001432172 -0.000283996
   19   -13  0.000146869 -0.001035820
   19    14  0.000477932 -0.002016444
   19   -14  0.002632467  0.002900348
   19    15  0.002816051  0.001114753
   19   -15 -0.001743638 -0.000227951
   19    16 -0.001226234 -0.001119362
   19   -16  0.001723806  0.000628202
   19    17 -0.000910285  0.001041216
   19   -17 -0.001942583 -0.000417626
   19    18 -0.000421669 -0.001370049
   19   -18  0.001927568 -0.000208894
   19    19  0.001541377 -0.001079009
   19   -19 -0.000909268  0.004598455
   20     0  0.003568671 -0.001075709
   20     1  0.000007529  0.001259205
   20    -1 -0.002709177 -0.002679947
   20     2 -0.002837420  0.003467733
   20    -2  0.007859264 -0.003950547
   20     3  0.000691576  0.001414831
   20    -3  0.002062939  0.001557477
   20     4 -0.003382993  0.001360355
   20    -4 -0.003615801  0.001188457
   20     5 -0.003741292  0.001249569
   20    -5  0.004650962  0.000782547
   20     6  0.000894441  0.001436261
   20    -6  0.002248646 -0.000187859
   20     7 -0.001373089  0.000000355
   20    -7  0.001326665 -0.001905613
   20     8  0.000742017 -0.002502133
   20    -8  0.000849324 -0.004529877
   20     9  0.001329392  0.002242645
   20    -9 -0.000077253 -0.003014347
   20    10  0.001513796 -0.001716376
   20   -10  0.001721586  0.000387014
   20    11  0.000018855 -0.001267871
   20   -11  0.001453041  0.000819010
   20    12 -0.000135977  0.000656891
   20   -12 -0.000414631  0.000266036
   20    13 -0.000675224 -0.000319718
   20   -13  0.000232465  0.002279609
   20    14  0.000569067  0.000681701
   20   -14 -0.001421590  0.002284316
   20    15 -0.000498925 -0.000037926
   20   -15  0.001498002  0.000907668
   20    16  0.000171751  0.000230295
   20   -16 -0.000041689  0.002224839
   20    17  0.000529742  0.003995690
   20   -17 -0.000725243 -0.002757399
   20    18  0.001723591  0.002878445
   20   -18 -0.002312393  0.000231088
   20    19 -0.002651685  0.002391021
   20   -19 -0.000449493  0.000519419
   20    20  0.006913687  0.004780732
   20   -20  0.004505359  0.002153715
   21     0  0.001888918 -0.002688579
   21     1 -0.006326839  0.001998301
   21    -1  0.000700271  0.002704809
   21     2  0.002046432 -0.002462003
   21    -2  0.000772850 -0.003546889
   21     3 -0.000512299 -0.002175454
   21    -3 -0.004309753  0.000024566
   21     4 -0.000531626 -0.000080173
   21    -4 -0.002857156 -0.002274602
   21     5  0.000527561  0.000824348
   21    -5 -0.001361339 -0.002127102
   21     6 -0.001770058 -0.000027073
   21    -6 -0.003137535  0.002190998
   21     7 -0.001361725 -0.000754229
   21    -7 -0.002463857  0.003119651
   21     8 -0.001784897  0.003052836
   21    -8 -0.000146983  0.002683983
   21     9 -0.002545426  0.001610181
   21    -9  0.002109750  0.004246558
   21    10  0.000443141  0.001347671
   21   -10 -0.000456484 -0.000258883
   21    11 -0.000704731 -0.000492699
   21   -11 -0.000244754 -0.001281196
   21    12 -0.000983536 -0.001501794
   21   -12  0.000417148 -0.003450116
   21    13  0.001714504 -0.002134245
   21   -13  0.001379432 -0.000089348
   21    14  0.002828625 -0.000353143
   21   -14  0.000454308  0.003884177
   21    15  0.000264355  0.003922166
   21   -15 -0.003314202 -0.001681951
   21    16 -0.000160468 -0.002671449
   21   -16  0.002193383 -0.000881190
   21    17  0.000548279 -0.001160335
   21   -17 -0.001507141  0.001432507
   21    18 -0.000728529  0.000364493
   21   -18  0.001648410  0.002323871
   21    19 -0.001933655  0.000966517
   21   -19 -0.000868956 -0.000435483
   21    20 -0.003021627  0.001223489
   21   -20 -0.002668861 -0.004794485
   21    21  0.002800002 -0.000564727
   21   -21  0.002746814  0.005625133
   22     0 -0.002156969 -0.003475571
   22     1  0.001805792 -0.001180607
   22    -1 -0.001820963 -0.000951765
   22     2 -0.002292348  0.000232500
   22    -2  0.006488359 -0.002831512
   22     3  0.002444172  0.002569600
   22    -3  0.005539899  0.001175254
   22     4  0.002755107  0.000579850
   22    -4 -0.004840217  0.001192376
   22     5 -0.002332945  0.002580400
   22    -5 -0.000725981  0.001116939
   22     6  0.001423050 -0.000758825
   22    -6  0.000704621 -0.003575454
   22     7 -0.000946601 -0.001725583
   22    -7 -0.001681905 -0.001659999
   22     8  0.000074078 -0.000279335
   22    -8  0.001019634 -0.003951766
   22     9  0.001966713 -0.000081182
   22    -9  0.000283398 -0.002146318
   22    10  0.001658763 -0.000987227
   22   -10  0.000539059  0.000945897
   22    11 -0.000554658  0.000258091
   22   -11  0.002860355 -0.001118792
   22    12  0.000507435  0.000182190
   22   -12  0.002714849  0.000330756
   22    13  0.000917588  0.000159741
   22   -13  0.002606560  0.001135266
   22    14 -0.000002506 -0.000761062
   22   -14 -0.002948557  0.000420647
   22    15 -0.000647167  0.000095366
   22   -15  0.003361980  0.002936933
   22    16 -0.001033501  0.000253944
   22   -16 -0.002288817  0.004279953
   22    17 -0.000484579  0.003001387
   22   -17  0.000489427 -0.000960188
   22    18  0.002379119  0.002303716
   22   -18 -0.002004851 -0.001795602
   22    19  0.000128099 -0.000050808
   22   -19  0.000706189 -0.001389235
   22    20  0.005694147  0.004101036
   22   -20  0.004145509  0.001486551
   22    21 -0.004659323 -0.001020994
   22   -21  0.002891253 -0.000461374
   22    22 -0.001050004  0.002732850
   22   -22 -0.002475978 -0.005795285
   23     0  0.002881928 -0.002444024
   23     1 -0.003209727  0.000890517
   23    -1  0.000228696  0.001484045
   23     2 -0.001085388 -0.002613346
   23    -2  0.002546733 -0.000103170
   23     3 -0.002145634 -0.001649370
   23    -3 -0.004216559 -0.000158787
   23     4 -0.006108785  0.000432166
   23    -4 -0.003163564 -0.002687834
   23     5  0.001092531  0.003087801
   23    -5  0.001806524 -0.001798016
   23     6 -0.000082184 -0.001580396
   23    -6 -0.003155193  0.001169791
   23     7 -0.002382860  0.002799569
   23    -7 -0.000359312  0.003705525
   23     8  0.001282692  0.003270551
   23    -8  0.001061887 -0.000118974
   23     9 -0.000450947  0.001009094
   23    -9  0.002477109  0.002908157
   23    10  0.001359250  0.001224790
   23   -10  0.001309439  0.000254922
   23    11  0.000639018 -0.002983161
   23   -11 -0.000522035 -0.000835994
   23    12 -0.001089723 -0.002256714
   23   -12 -0.002288823 -0.000265639
   23    13  0.000732636 -0.002512069
   23   -13  0.000147441 -0.000134479
   23    14  0.000735201 -0.001986853
   23   -14 -0.001475496  0.004756614
   23    15  0.000063458  0.003749732
   23   -15 -0.000746475 -0.001462393
   23    16  0.000569399 -0.001720454
   23   -16  0.003008671 -0.002851789
   23    17  0.000265142 -0.000973330
   23   -17 -0.000633506  0.000264537
   23    18 -0.000108436 -0.000576460
   23   -18  0.001405012  0.000237292
   23    19 -0.000650764 -0.000544534
   23   -19 -0.000933593  0.002591271
   23    20 -0.000480183  0.000894042
   23   -20 -0.001476997 -0.003025558
   23    21 -0.000320319 -0.003012620
   23   -21  0.001824708  0.000697069
   23    22  0.001904004 -0.001118879
   23   -22  0.004465013 -0.001448737
   23    23 -0.004287039 -0.004062604
   23   -23 -0.000242644 -0.000073992
   24     0 -0.002474733 -0.004445384
   24     1  0.000566637 -0.001621768
   24    -1  0.001872019  0.001636407
   24     2 -0.000184654 -0.002321184
   24    -2  0.002153695 -0.001331241
   24     3  0.001207720  0.004220304
   24    -3  0.003587435 -0.002704045
   24     4  0.002829833 -0.000946099
   24    -4 -0.003036519  0.001656290
   24     5 -0.000380137  0.004607017
   24    -5 -0.005261270  0.003853525
   24     6 -0.000009275 -0.003767282
   24    -6 -0.001769905 -0.001930193
   24     7 -0.000270285 -0.002566066
   24    -7 -0.003185126 -0.001804627
   24     8  0.000387902 -0.000709215
   24    -8  0.001415373 -0.002625672
   24     9  0.002113491  0.000175124
   24    -9  0.003076528 -0.000555681
   24    10  0.002645195  0.000485325
   24   -10  0.000352175  0.002352789
   24    11 -0.000944569  0.000778839
   24   -11  0.002401018 -0.001174201
   24    12 -0.000582229  0.001539616
   24   -12  0.002603212 -0.000897157
   24    13  0.002388397  0.001948972
   24   -13  0.002680447  0.001616667
   24    14  0.000223720  0.000838368
   24   -14 -0.001196182  0.000346007
   24    15  0.000357736 -0.002254374
   24   -15  0.002555793  0.002141953
   24    16 -0.000468510  0.000079972
   24   -16 -0.003416397  0.006281094
   24    17 -0.000824026  0.004130398
   24   -17 -0.000382057 -0.000789765
   24    18  0.000593501  0.001006442
   24   -18 -0.002675490 -0.002459168
   24    19  0.000655688  0.003080300
   24   -19  0.000935460 -0.001099885
   24    20  0.000669096  0.000262132
   24   -20  0.002413805 -0.000135148
   24    21 -0.001816820 -0.000398996
   24   -21  0.002316669 -0.000708026
   24    22 -0.001639436  0.000933101
   24   -22 -0.001878936 -0.002745463
   24    23  0.002410514  0.001985184
   24   -23 -0.000755712  0.001453394
   24    24  0.006621619 -0.000496808
   24   -24  0.000317854  0.006259323
   25     0  0.000217919 -0.001094354
   25     1 -0.001598493 -0.000087799
   25    -1 -0.001535316  0.001507053
   25     2 -0.001553957 -0.001018573
   25    -2  0.000254544  0.001750510
   25     3 -0.000350577 -0.001383133
   25    -3 -0.002970260  0.001439145
   25     4 -0.006968020  0.000864480
   25    -4 -0.002383387 -0.001977259
   25     5  0.002201195  0.002222942
   25    -5  0.004489827 -0.004246221
   25     6  0.001195172 -0.000215870
   25    -6  0.000609856 -0.000261438
   25     7  0.000339591  0.004123563
   25    -7  0.000645696  0.001790825
   25     8  0.000384199  0.002729289
   25    -8  0.000029484 -0.000074408
   25     9  0.001062248 -0.000959661
   25    -9  0.001204710  0.003805209
   25    10  0.000772023  0.000424528
   25   -10 -0.001368856  0.001803033
   25    11  0.002413562 -0.003211936
   25   -11  0.000078431  0.001307786
   25    12 -0.001720311 -0.000756987
   25   -12 -0.004490416  0.001204175
   25    13 -0.001092251 -0.004326714
   25   -13  0.000030420 -0.000468845
   25    14  0.001120944 -0.003033942
   25   -14 -0.001817955  0.003981681
   25    15 -0.001288018  0.005870359
   25   -15 -0.003910400 -0.000815964
   25    16 -0.000091830 -0.003925133
   25   -16  0.003680012 -0.002845132
   25    17  0.003279116 -0.001750578
   25   -17 -0.000334726  0.000069220
   25    18 -0.001743580 -0.002495576
   25   -18  0.001269473  0.000465108
   25    19  0.001653762 -0.000064256
   25   -19 -0.000730208  0.000357968
   25    20  0.000539435 -0.000723422
   25   -20 -0.003029382 -0.003296156
   25    21  0.000534101 -0.002253223
   25   -21  0.001225010 -0.000439137
   25    22 -0.000285836 -0.003316626
   25   -22  0.000128642  0.000884635
   25    23 -0.000676906  0.000110074
   25   -23 -0.003861772 -0.003136801
   25    24 -0.002779201  0.000041116
   25   -24  0.000589910  0.001644916
   25    25  0.002555945 -0.005308707
   25   -25  0.000024723  0.005977911
   26     0 -0.001322853 -0.002419254
   26     1 -0.000910235 -0.000726593
   26    -1  0.002173335  0.003325795
   26     2  0.001527885 -0.000122773
   26    -2 -0.000847566  0.000764872
   26     3 -0.001390714  0.004479891
   26    -3  0.001292293 -0.002300385
   26     4  0.001034601 -0.000677709
   26    -4  0.000199914 -0.000656410
   26     5  0.003252259  0.002640465
   26    -5 -0.005459686  0.002996525
   26     6 -0.002545002 -0.002143697
   26    -6 -0.003354018  0.001551433
   26     7 -0.001449000 -0.002778444
   26    -7 -0.001862314 -0.001784423
   26     8 -0.001176520 -0.002218068
   26    -8  0.000596778 -0.002596107
   26     9  0.001905090  0.001623495
   26    -9  0.003345878  0.000013449
   26    10  0.003065520  0.000682841
   26   -10 -0.000276156  0.000923533
   26    11  0.000458968  0.001808128
   26   -11  0.001287313  0.000152487
   26    12  0.000385328  0.002503395
   26   -12  0.003580417 -0.002334110
   26    13  0.003343531  0.000380138
   26   -13  0.003556028  0.001833170
   26    14  0.000415347  0.004315016
   26   -14  0.000589389 -0.003385488
   26    15  0.001924198 -0.001985558
   26   -15  0.003771511  0.002297452
   26    16 -0.000916347  0.001033632
   26   -16 -0.003863761  0.004413740
   26    17 -0.002131596  0.006075736
   26   -17  0.001691605 -0.002925397
   26    18  0.002192893  0.001941300
   26   -18 -0.000696551 -0.001835900
   26    19 -0.001139706  0.000277452
   26   -19 -0.000948891 -0.000919964
   26    20  0.001517654  0.001215934
   26   -20  0.001269279  0.000432624
   26    21 -0.000575325 -0.000780748
   26   -21  0.001212105 -0.000161407
   26    22  0.001055315  0.002041732
   26   -22 -0.001268495 -0.001397854
   26    23  0.000241275 -0.000327321
   26   -23 -0.000748278 -0.000422207
   26    24  0.003247670 -0.000045618
   26   -24 -0.001285035  0.003237230
   26    25 -0.002719837  0.001251107
   26   -25 -0.004234943 -0.000962537
   26    26  0.003601387 -0.002676749
   26   -26 -0.001851718 -0.000250003
   27     0 -0.000853864 -0.000864374
   27     1  0.000842772  0.000266671
   27    -1 -0.000568054 -0.000615962
   27     2 -0.001376293  0.000664426
   27    -2 -0.001809422  0.001130528
   27     3  0.000348617 -0.000704628
   27    -3  0.000412940 -0.001058695
   27     4 -0.002954370  0.000994905
   27    -4 -0.000583928 -0.001655816
   27     5  0.002426533  0.002754349
   27    -5  0.001506246 -0.002877155
   27     6  0.001452191 -0.000125878
   27    -6  0.001783164 -0.002947925
   27     7  0.002064854  0.001934442
   27    -7  0.000246344 -0.001125720
   27     8  0.000522806  0.002480134
   27    -8 -0.001022574 -0.000408185
   27     9  0.002124345  0.001590458
   27    -9  0.002033455  0.002648807
   27    10 -0.000440312 -0.000990054
   27   -10 -0.001870632  0.003017716
   27    11  0.002003809 -0.003535947
   27   -11  0.001105473  0.001977776
   27    12 -0.001931529 -0.000572455
   27   -12 -0.004360158  0.001433392
   27    13 -0.003441377 -0.004299296
   27   -13  0.000512780 -0.000677690
   27    14  0.001573931 -0.002977637
   27   -14 -0.001186537  0.004860529
   27    15 -0.002577254  0.003695417
   27   -15 -0.005208737  0.001474790
   27    16  0.000171668 -0.000903989
   27   -16  0.002285567 -0.003429148
   27    17  0.003909606 -0.003585276
   27   -17 -0.000939252 -0.001528721
   27    18 -0.001061494  0.000168407
   27   -18  0.000901939  0.002901145
   27    19  0.000202887 -0.001089259
   27   -19 -0.000300003  0.002141956
   27    20 -0.001361846  0.000124661
   27   -20  0.000408989 -0.000873629
   27    21  0.002936414 -0.002646685
   27   -21  0.000489200 -0.000452642
   27    22 -0.000055415 -0.001259625
   27   -22  0.000120580  0.002051160
   27    23  0.000924243 -0.001454268
   27   -23 -0.002713341 -0.000893519
   27    24 -0.003381470 -0.002597277
   27   -24  0.000119241 -0.002428186
   27    25  0.002969686 -0.002304748
   27   -25 -0.001264586  0.000577373
   27    26  0.000191202  0.000442622
   27   -26 -0.000439166 -0.000011309
   27    27 -0.001119044  0.000309461
   27   -27 -0.006453631  0.000780836
   28     0 -0.001281244  0.000701021
   28     1 -0.000727095  0.001941382
   28    -1  0.001022844  0.001035105
   28     2  0.002000028  0.000317749
   28    -2 -0.000216500  0.001995219
   28     3 -0.002721870  0.003677031
   28    -3  0.000046860 -0.000964591
   28     4 -0.001606609 -0.000961006
   28    -4  0.002667579 -0.001657910
   28     5  0.002407039  0.003576874
   28    -5 -0.001760655  0.003093960
   28     6 -0.001005410 -0.001173869
   28    -6 -0.003876645  0.001961597
   28     7 -0.000979921 -0.000788329
   28    -7 -0.001688951  0.001504803
   28     8  0.000055854 -0.001594690
   28    -8  0.001459514 -0.002735298
   28     9  0.001928830  0.001261772
   28    -9  0.002714510 -0.003515410
   28    10  0.003353880 -0.002129112
   28   -10 -0.001673659 -0.001273788
   28    11  0.002815521  0.001977373
   28   -11  0.001545386 -0.001011842
   28    12 -0.000274372  0.002451233
   28   -12  0.002682151 -0.003685855
   28    13  0.004944588  0.001266563
   28   -13  0.001858341  0.002091792
   28    14 -0.000310208  0.005486823
   28   -14 -0.001743871 -0.003619264
   28    15  0.004171277 -0.002964663
   28   -15  0.004356134  0.001332853
   28    16  0.001372852  0.002376705
   28   -16 -0.004971920  0.003665769
   28    17 -0.001571144  0.005488678
   28   -17  0.001645327 -0.002080153
   28    18  0.000674181  0.002711606
   28   -18 -0.001022047 -0.003344987
   28    19 -0.000060789  0.000250376
   28   -19  0.000236639 -0.001611989
   28    20  0.000858490 -0.000088390
   28   -20  0.003386515 -0.000960535
   28    21 -0.002125127  0.000975581
   28   -21  0.000934153  0.000398005
   28    22 -0.000896685  0.000484325
   28   -22 -0.002624405 -0.000666505
   28    23  0.001698912 -0.000036037
   28   -23  0.001240842  0.001267332
   28    24  0.002657118 -0.001570058
   28   -24 -0.000447154  0.001368626
   28    25  0.001737834 -0.000556181
   28   -25 -0.001951089 -0.000437438
   28    26  0.004556395  0.001408884
   28   -26 -0.002239682 -0.000922460
   28    27 -0.002342642 -0.002760226
   28   -27  0.000752115  0.000467699
   28    28  0.005832486  0.000226417
   28   -28  0.000923520 -0.001227519
   29     0 -0.001232353 -0.000788024
   29     1  0.001478780 -0.000734014
   29    -1  0.000164008 -0.000060415
   29     2 -0.000569776  0.000142943
   29    -2 -0.002602309  0.000669421
   29     3  0.000532545 -0.001734706
   29    -3  0.000420551 -0.003126955
   29     4  0.000216668 -0.001311233
   29    -4  0.000174531 -0.002155551
   29     5  0.004804641  0.001439129
   29    -5 -0.001733496 -0.002238032
   29     6 -0.001549533 -0.000031337
   29    -6  0.001198404 -0.001181364
   29     7  0.002379054  0.000537125
   29    -7  0.000800907 -0.004028765
   29     8 -0.000106557  0.001654685
   29    -8  0.000070294 -0.000292889
   29     9  0.000946485  0.003237949
   29    -9  0.001281390  0.002474664
   29    10 -0.000628271  0.001333540
   29   -10 -0.002959050  0.006541223
   29    11  0.001565854 -0.001152725
   29   -11  0.002920602  0.003154128
   29    12 -0.000970464 -0.000323959
   29   -12 -0.004857944  0.002053464
   29    13 -0.004372859 -0.003148483
   29   -13 -0.000721349 -0.002824965
   29    14  0.000502730 -0.005175905
   29   -14  0.001400927  0.003465844
   29    15 -0.002227706  0.004216228
   29   -15 -0.005064180  0.004305500
   29    16 -0.000477057 -0.001896025
   29   -16  0.002864380 -0.004265147
   29    17  0.002703437 -0.002835801
   29   -17 -0.000018295  0.000558019
   29    18 -0.002956687 -0.000488399
   29   -18 -0.001325535  0.000535433
   29    19  0.001439897 -0.000195316
   29   -19  0.000371078  0.001157092
   29    20 -0.002307128  0.002957188
   29   -20 -0.000512328 -0.000322438
   29    21  0.002002251 -0.000168052
   29   -21 -0.000773675 -0.001431780
   29    22  0.000220371 -0.001481637
   29   -22  0.000533493 -0.000186629
   29    23 -0.001593330 -0.002933516
   29   -23  0.001494026 -0.000022134
   29    24 -0.001605188  0.000379115
   29   -24  0.000703843 -0.000526357
   29    25  0.003145708 -0.002402967
   29   -25 -0.001107031  0.002342497
   29    26  0.000093373 -0.000926075
   29   -26  0.003340240  0.001952440
   29    27 -0.001880448 -0.003911255
   29   -27  0.000257280  0.003454823
   29    28  0.004685753  0.000534239
   29   -28  0.000153656 -0.002737073
   29    29 -0.005086642  0.003652704
   29   -29 -0.011532663 -0.005149614
   30     0  0.000826701  0.001105653
   30     1 -0.000062266  0.004177628
   30    -1  0.000759111 -0.000687263
   30     2  0.000406377  0.000485823
   30    -2  0.000924011 -0.000111415
   30     3 -0.000371871  0.002074748
   30    -3 -0.000438996 -0.000059094
   30     4 -0.003964532  0.001372113
   30    -4  0.004092559 -0.001131614
   30     5  0.001457388  0.004521050
   30    -5 -0.000514057  0.001757727
   30     6  0.000941644 -0.000279415
   30    -6 -0.002791364  0.001044003
   30     7  0.001322144 -0.001413891
   30    -7 -0.002204389  0.003247378
   30     8 -0.000178364 -0.000659463
   30    -8  0.001243558 -0.002188682
   30     9  0.001210749  0.000299478
   30    -9  0.002565903 -0.001915673
   30    10  0.003101901 -0.004211918
   30   -10 -0.002880186 -0.001812646
   30    11  0.003360130 -0.000496061
   30   -11  0.001413095 -0.000927260
   30    12 -0.001228385  0.001325642
   30   -12  0.000189028 -0.003022583
   30    13  0.004829724  0.003460776
   30   -13  0.002321878  0.000126487
   30    14  0.000451436  0.006493226
   30   -14 -0.002446384 -0.004259300
   30    15  0.002175309 -0.000571260
   30   -15  0.003618073 -0.000048435
   30    16  0.000287475  0.001552025
   30   -16 -0.005292355  0.002229839
   30    17 -0.003097358  0.003301488
   30   -17 -0.000255768  0.000080333
   30    18  0.003211193  0.001816565
   30   -18 -0.001380299 -0.001392080
   30    19 -0.001467918  0.000603318
   30   -19  0.000661844 -0.000814095
   30    20  0.001112484 -0.000079148
   30   -20  0.002434708 -0.000589452
   30    21 -0.000731423 -0.002009203
   30   -21 -0.000090730  0.001006913
   30    22  0.000130001  0.001212562
   30   -22 -0.000242342 -0.000184702
   30    23  0.000138947  0.000864353
   30   -23 -0.001265206  0.000635682
   30    24  0.001375475  0.000126254
   30   -24 -0.000245223  0.000956452
   30    25  0.000320528 -0.000669896
   30   -25 -0.000189182  0.000144595
   30    26  0.004079936 -0.002029717
   30   -26 -0.000743078 -0.000723934
   30    27 -0.000685704  0.001918794
   30   -27  0.000509243  0.001052026
   30    28  0.000088237  0.000754295
   30   -28  0.002240567 -0.000385010
   30    29 -0.004754970 -0.000900236
   30   -29  0.003485309  0.003014525
   30    30 -0.000570698 -0.005016699
   30   -30  0.009869658 -0.006693936
   31     0  0.000472556 -0.000006258
   31     1  0.000531536 -0.000093327
   31    -1  0.001994188 -0.000961582
   31     2  0.000167205  0.000268168
   31    -2 -0.003045547  0.000841588
   31     3  0.000272088 -0.000924220
   31    -3 -0.000253782 -0.004365722
   31     4  0.001004426 -0.002003015
   31    -4  0.000199419  0.001955740
   31     5  0.006371103 -0.000128749
   31    -5 -0.003320621 -0.001135989
   31     6 -0.002453996 -0.003221635
   31    -6 -0.001171773  0.000257227
   31     7  0.001108871  0.001164070
   31    -7  0.001637440 -0.003615555
   31     8 -0.001105112 -0.000558434
   31    -8 -0.000562777 -0.002253562
   31     9  0.000564085  0.002550030
   31    -9  0.001969318  0.002530823
   31    10  0.000598478  0.003149473
   31   -10 -0.002348416  0.005168704
   31    11 -0.000115535  0.001464178
   31   -11  0.003465832  0.000280516
   31    12  0.000558626  0.000549668
   31   -12 -0.003351597  0.002046651
   31    13 -0.004920892 -0.001315142
   31   -13 -0.001913942 -0.001439273
   31    14 -0.000772171 -0.005466767
   31   -14  0.002053980  0.002619085
   31    15 -0.000721265  0.002944587
   31   -15 -0.003997906  0.004601284
   31    16 -0.001455984 -0.000895245
   31   -16  0.002855204 -0.002866565
   31    17  0.002542363 -0.001881755
   31   -17  0.000641775  0.001555229
   31    18 -0.003765319 -0.000531999
   31   -18 -0.001013435  0.000090129
   31    19  0.002290911 -0.002013647
   31   -19 -0.000655708 -0.000069153
   31    20 -0.001611124  0.002013182
   31   -20 -0.002648539 -0.001118162
   31    21  0.002032555 -0.000846751
   31   -21  0.000961245 -0.000823930
   31    22 -0.001510581 -0.000927642
   31   -22  0.000131521 -0.000817802
   31    23 -0.001020791 -0.001036985
   31   -23  0.000859680 -0.000537625
   31    24  0.002377495 -0.000900426
   31   -24 -0.000818417  0.000347820
   31    25  0.000174164  0.000225257
   31   -25  0.001952463  0.001143671
   31    26 -0.001905267  0.000042224
   31   -26  0.001358014 -0.000061857
   31    27 -0.001302373 -0.001086005
   31   -27 -0.000787243 -0.001412560
   31    28  0.003271562  0.000001936
   31   -28  0.002413916 -0.000635130
   31    29 -0.000771413  0.000189008
   31   -29 -0.003879224 -0.000709142
   31    30 -0.000313447  0.000098170
   31   -30  0.000688712  0.001664675
   31    31  0.006365459 -0.000738089
   31   -31 -0.008586923  0.000368086
   32     0  0.000032718  0.000390635
   32     1 -0.000228981  0.005060357
   32    -1  0.000048950 -0.002630783
   32     2 -0.000610674  0.001562364
   32    -2  0.000962135 -0.001968688
   32     3  0.001323466 -0.000938315
   32    -3  0.000499652  0.000373359
   32     4 -0.002356422  0.002263882
   32    -4  0.004604854 -0.000096877
   32     5 -0.000372736  0.003104793
   32    -5  0.000684461 -0.000337213
   32     6 -0.000178108  0.001172821
   32    -6 -0.000553765 -0.000145381
   32     7  0.002478569  0.000072210
   32    -7 -0.001958083  0.001096661
   32     8 -0.000003501  0.000546045
   32    -8  0.001049065 -0.000602999
   32     9  0.000440951 -0.001426321
   32    -9  0.000993125  0.000963594
   32    10  0.002694094 -0.004783977
   32   -10 -0.003485225 -0.001245046
   32    11  0.002393781 -0.003670969
   32   -11  0.000445096 -0.000883493
   32    12 -0.000851839 -0.000053234
   32   -12 -0.001269451 -0.002496328
   32    13  0.002660416  0.001686008
   32   -13  0.002579326 -0.002058854
   32    14  0.002582170  0.006464910
   32   -14 -0.001959728 -0.004325014
   32    15  0.001239434 -0.000725696
   32   -15  0.001768920 -0.001502653
   32    16  0.002075551  0.000335631
   32   -16 -0.004429700 -0.000006500
   32    17 -0.002149084  0.002250658
   32   -17  0.000429422 -0.002397900
   32    18  0.002527113 -0.000615028
   32   -18 -0.000331090 -0.001465713
   32    19  0.000244722  0.001710353
   32   -19 -0.000473041 -0.000228784
   32    20  0.000802617 -0.001201557
   32   -20  0.001603635 -0.001863404
   32    21 -0.000421211 -0.002380362
   32   -21  0.001122484  0.002690004
   32    22  0.000453863 -0.000788094
   32   -22 -0.000770967  0.001595453
   32    23 -0.000332956 -0.000018371
   32   -23 -0.003258968  0.001657055
   32    24  0.000986159  0.001030766
   32   -24 -0.001188310 -0.000575604
   32    25 -0.001587387 -0.001103425
   32   -25 -0.001263685 -0.000599315
   32    26  0.001627354 -0.000709176
   32   -26 -0.001230617 -0.000436911
   32    27  0.001652902 -0.000050653
   32   -27 -0.003577109 -0.001447187
   32    28  0.002543024 -0.001004042
   32   -28  0.001805966  0.000124910
   32    29 -0.007631957  0.001378439
   32   -29  0.003929835  0.000465551
   32    30  0.000496195 -0.004465331
   32   -30  0.001162188  0.001319533
   32    31 -0.000210593  0.003556745
   32   -31 -0.005094552 -0.001793179
   32    32 -0.000220896  0.003810070
   32   -32 -0.002579561  0.001674296
   33     0  0.000016927  0.000692180
   33     1 -0.001202199 -0.000277594
   33    -1  0.001364113 -0.001045887
   33     2  0.002057398  0.000374586
   33    -2 -0.000789139  0.001124522
   33     3 -0.001766625  0.002208443
   33    -3 -0.000904150 -0.002060085
   33     4 -0.000241267 -0.001979796
   33    -4 -0.000399971  0.001442961
   33     5  0.003794009 -0.000687037
   33    -5 -0.002498031  0.000276836
   33     6 -0.002470015 -0.002846231
   33    -6 -0.001430115  0.001304197
   33     7  0.000829900  0.000854271
   33    -7  0.001471494 -0.001529412
   33     8 -0.000706336 -0.000253824
   33    -8  0.000334979 -0.000857501
   33     9  0.000109743  0.001017160
   33    -9 -0.000234169  0.000546992
   33    10  0.000664979  0.003467499
   33   -10 -0.001422388  0.003538631
   33    11  0.000880318  0.001852713
   33   -11  0.003088737 -0.002044265
   33    12  0.000278739  0.000394653
   33   -12 -0.000585567  0.001208619
   33    13 -0.001942270 -0.000449788
   33   -13 -0.002168542 -0.001317884
   33    14 -0.003236988 -0.005316370
   33   -14  0.001997583  0.002099831
   33    15 -0.001245009  0.001479985
   33   -15 -0.001910141  0.003635819
   33    16 -0.000029376  0.000669665
   33   -16  0.002508870 -0.002772283
   33    17  0.003374790 -0.000859351
   33   -17  0.000044608  0.001158392
   33    18 -0.002621005  0.000900691
   33   -18 -0.000552449  0.000240990
   33    19 -0.000523958 -0.001141483
   33   -19 -0.000325776  0.000438460
   33    20 -0.002141720  0.000138095
   33   -20 -0.000835535  0.000175570
   33    21  0.000539222 -0.000065581
   33   -21  0.000486845 -0.000909624
   33    22 -0.002460341 -0.000069533
   33   -22  0.000723121 -0.001182221
   33    23 -0.000121174  0.000613194
   33   -23  0.000338666  0.000227009
   33    24 -0.001855113 -0.000405390
   33   -24  0.001826035  0.000603133
   33    25  0.001464961 -0.001046680
   33   -25 -0.000314890  0.003041508
   33    26 -0.001938587 -0.000272648
   33   -26  0.001000701 -0.001195747
   33    27 -0.002203625 -0.001842526
   33   -27 -0.002100989  0.000756987
   33    28  0.002826464  0.001519213
   33   -28 -0.000021008 -0.003629484
   33    29  0.001720820  0.001239812
   33   -29 -0.004977843 -0.000558659
   33    30  0.002446181  0.002616811
   33   -30  0.000657232  0.001401204
   33    31 -0.001122726 -0.004095840
   33   -31  0.000995206 -0.002886568
   33    32 -0.002505402 -0.003192786
   33   -32 -0.003381163  0.000086165
   33    33 -0.004014055  0.001807219
   33   -33 -0.005895391 -0.003692381
   34     0  0.000447077 -0.001008637
   34     1  0.001385517  0.001321058
   34    -1  0.000271604 -0.002014345
   34     2 -0.000816267  0.001121138
   34    -2  0.000117491 -0.002508888
   34     3  0.001818297 -0.003531754
   34    -3  0.000503423  0.000592447
   34     4 -0.001184271  0.000599579
   34    -4  0.003311192  0.000959064
   34     5  0.000443454  0.002371848
   34    -5  0.001431135 -0.001762304
   34     6 -0.000757732  0.001847589
   34    -6  0.000683793 -0.000402319
   34     7  0.003162784  0.000665584
   34    -7 -0.001104154  0.000260662
   34     8 -0.000423496 -0.000041665
   34    -8 -0.001571630  0.000497078
   34     9  0.001015750 -0.000975623
   34    -9 -0.000790006  0.002466218
   34    10  0.001149272 -0.001190418
   34   -10 -0.002566718  0.000298419
   34    11  0.000568230 -0.003339178
   34   -11  0.000601568 -0.001793096
   34    12 -0.002487813 -0.000712448
   34   -12 -0.003048303 -0.001008151
   34    13  0.000572113  0.001641319
   34   -13  0.000957266 -0.002145952
   34    14  0.001201329  0.003539056
   34   -14 -0.001568344 -0.003344503
   34    15  0.000669441  0.000801772
   34   -15  0.001514776 -0.001728974
   34    16  0.001348596 -0.001289383
   34   -16 -0.003751375  0.000568306
   34    17 -0.003104526  0.001297259
   34   -17  0.000410382 -0.000951143
   34    18  0.000854552 -0.000993459
   34   -18 -0.001311531 -0.000539871
   34    19 -0.000563071  0.000539526
   34   -19  0.000974817  0.001238376
   34    20  0.002250890 -0.000827665
   34   -20  0.001195837 -0.002846893
   34    21 -0.000031012 -0.000959808
   34   -21 -0.001039875  0.001280411
   34    22  0.002272405  0.000666761
   34   -22 -0.000059305 -0.000635129
   34    23 -0.000705001 -0.001762060
   34   -23 -0.000892553  0.002963481
   34    24  0.000868848 -0.000323989
   34   -24 -0.000787696 -0.000420403
   34    25  0.000452767  0.000655020
   34   -25  0.000892699 -0.002124049
   34    26  0.001112389  0.001518066
   34   -26 -0.000234756  0.001280211
   34    27 -0.000461718 -0.000706835
   34   -27 -0.001213599  0.000889138
   34    28 -0.001108051 -0.000268741
   34   -28  0.000145346 -0.000017853
   34    29 -0.002774551  0.001361199
   34   -29  0.001312616  0.000088788
   34    30  0.000284639 -0.000931389
   34   -30  0.001110210 -0.001885348
   34    31 -0.001203261  0.003016640
   34   -31  0.001148458  0.001264294
   34    32  0.000686442 -0.004624324
   34   -32 -0.002844540  0.000978137
   34    33 -0.003912198 -0.002133266
   34   -33 -0.001993079  0.001518297
   34    34  0.002374432 -0.004656282
   34   -34 -0.002012439 -0.004365644
   35     0  0.000321333  0.001783675
   35     1 -0.001226313  0.000507711
   35    -1  0.001286409 -0.001884467
   35     2  0.000935310 -0.000845248
   35    -2  0.001129312  0.000599115
   35     3 -0.001054420  0.001464080
   35    -3 -0.000766291 -0.000395917
   35     4 -0.000687286 -0.000912619
   35    -4 -0.000408437  0.000808802
   35     5  0.000304643 -0.000210175
   35    -5 -0.001293762  0.001331052
   35     6  0.000029714 -0.002900720
   35    -6 -0.002244247  0.001620418
   35     7  0.000484402  0.001955350
   35    -7  0.001047479 -0.000405067
   35     8 -0.001124862 -0.001182885
   35    -8  0.000802044 -0.001068490
   35     9 -0.000596084  0.000792506
   35    -9  0.000473755  0.000329321
   35    10  0.000395035  0.002238248
   35   -10 -0.000385166  0.000960252
   35    11  0.000272027  0.002387286
   35   -11  0.000660516 -0.002199404
   35    12  0.000149254  0.000585563
   35   -12  0.000583756  0.002037867
   35    13 -0.000984949  0.001634869
   35   -13 -0.002097087  0.000051012
   35    14 -0.001760456 -0.004052978
   35   -14  0.002878592  0.000366014
   35    15  0.000222496  0.002183591
   35   -15 -0.001290765  0.002885392
   35    16  0.000055543  0.000184784
   35   -16  0.002825078 -0.001696767
   35    17  0.001467090 -0.000407402
   35   -17 -0.000301623  0.000750591
   35    18 -0.003331446  0.001657234
   35   -18 -0.000161811 -0.002648416
   35    19  0.000694393 -0.001376923
   35   -19  0.003060519 -0.001403339
   35    20 -0.000690352  0.000291846
   35   -20 -0.000273271 -0.000367353
   35    21 -0.000237991 -0.000220087
   35   -21 -0.000318000 -0.000476361
   35    22 -0.001176796  0.000013007
   35   -22  0.001201610  0.000354068
   35    23  0.000567022  0.000081967
   35   -23 -0.000867661 -0.001236241
   35    24  0.000078871 -0.000725855
   35   -24  0.001249067 -0.001910106
   35    25 -0.000051750  0.001615687
   35   -25  0.001349648  0.000213619
   35    26 -0.000646016 -0.000107083
   35   -26  0.000136547 -0.001457112
   35    27 -0.002201844 -0.000773046
   35   -27  0.000709923  0.000694022
   35    28  0.000032977  0.000986346
   35   -28  0.001779443 -0.000529529
   35    29  0.001867704 -0.000135661
   35   -29 -0.002557355 -0.001604321
   35    30 -0.000251642 -0.002032295
   35   -30  0.001436232 -0.001700596
   35    31 -0.000341197 -0.000958718
   35   -31 -0.000220712 -0.001221335
   35    32  0.001700795 -0.000537206
   35   -32 -0.001697193 -0.002968248
   35    33  0.000028559  0.002738639
   35   -33  0.001886060 -0.000116153
   35    34  0.005566298  0.000063569
   35   -34 -0.000589169 -0.000802314
   35    35 -0.003130055  0.003100778
   35   -35  0.005854153  0.003350560
   36     0 -0.000129969  0.000276343
   36     1  0.000516310 -0.000671527
   36    -1 -0.000641258  0.000425267
   36     2 -0.001262863  0.001862506
   36    -2  0.000372430  0.000441519
   36     3  0.001215486 -0.001337247
   36    -3  0.000968118 -0.001072086
   36     4  0.000300333 -0.000750645
   36    -4  0.002815869  0.001371829
   36     5  0.000228537  0.001472025
   36    -5  0.000929040 -0.001450239
   36     6 -0.000316330  0.000172490
   36    -6  0.000384602  0.000443918
   36     7  0.002575861  0.001078815
   36    -7  0.000045156  0.000823734
   36     8 -0.001780852 -0.001243481
   36    -8 -0.001363900  0.000557416
   36     9  0.000650681  0.000046645
   36    -9 -0.000614527  0.001760992
   36    10  0.000478374  0.000862852
   36   -10 -0.001493777  0.000429123
   36    11 -0.000328596 -0.002798376
   36   -11  0.001503645 -0.000738994
   36    12 -0.000523293 -0.001046840
   36   -12 -0.001680170 -0.000635478
   36    13  0.000604861 -0.000185432
   36   -13  0.001232605 -0.003491510
   36    14  0.000631503  0.003235959
   36   -14 -0.001238000 -0.000932826
   36    15  0.000270549  0.001588474
   36   -15  0.000117202 -0.001037033
   36    16  0.000338810 -0.001494018
   36   -16 -0.000156628 -0.000081748
   36    17 -0.001525261  0.000894290
   36   -17 -0.000860019  0.000177086
   36    18  0.000581682 -0.000612771
   36   -18 -0.000466646 -0.000735915
   36    19 -0.001480738  0.000580681
   36   -19 -0.000199005  0.002529131
   36    20 -0.000552139  0.001324820
   36   -20 -0.001005095 -0.001110537
   36    21 -0.000589488  0.000760711
   36   -21  0.001202438  0.001628002
   36    22  0.000954481  0.000585928
   36   -22  0.000952607 -0.000230863
   36    23 -0.000720314 -0.000754724
   36   -23 -0.001399476 -0.000263370
   36    24  0.000737864 -0.001202320
   36   -24 -0.001733358  0.001424993
   36    25 -0.001262668 -0.000030422
   36   -25 -0.000878148  0.001430583
   36    26  0.001230470  0.001102412
   36   -26 -0.001130459  0.001323854
   36    27  0.000250491  0.000589254
   36   -27  0.000418285  0.000779389
   36    28 -0.001553935 -0.002541052
   36   -28  0.000228316 -0.001260731
   36    29 -0.004779670 -0.000592721
   36   -29  0.000311880  0.001866313
   36    30  0.002102627 -0.001033820
   36   -30  0.001386498  0.000172345
   36    31  0.000362125  0.003756359
   36   -31  0.001622423 -0.000675517
   36    32 -0.004181639  0.000837612
   36   -32 -0.000672708  0.002389864
   36    33 -0.002590860 -0.002857004
   36   -33  0.001930617 -0.001378586
   36    34 -0.001286024 -0.004785820
   36   -34 -0.004761747 -0.004788414
   36    35 -0.001530780  0.001038065
   36   -35 -0.001712398 -0.002108392
   36    36  0.000828671  0.000990181
   36   -36  0.002153746 -0.004684817
