# Spherical harmonic expansion of the M2 tidal magnetic signal
# Estimated on 29-Jan-2019 21:58:56          
# If used, please refer to the Grayver and Olsen, GRL, 2019                                 
# Phase given with respect to the Greenwich meridian                          
# First data line: N_max T (in hours)                                         
# Subsequent data lines: degree n   order m   a_n^m/b_n^m   c_n^m/d_n^m       
# where m >= 0 correspond to the cosine time dependent terms a_n^m resp c_n^m,
# and m < 0 correspond to the sine time dependent terms b_n^m resp d_n^m.     
   28  12.4206                                                                
    1     0     0.092661     0.098900
    1     1     0.026556    -0.006304
    1    -1    -0.014944    -0.028452
    2     0    -0.009797     0.042573
    2     1    -0.038423     0.004159
    2    -1     0.022279    -0.016407
    2     2     0.032213     0.020362
    2    -2    -0.008767    -0.007342
    3     0     0.024097    -0.006015
    3     1    -0.023491    -0.042553
    3    -1    -0.035214    -0.006506
    3     2    -0.049885    -0.070259
    3    -2    -0.029506    -0.031645
    3     3     0.058162    -0.019556
    3    -3     0.069855     0.017555
    4     0     0.025599     0.027833
    4     1    -0.009063    -0.030580
    4    -1    -0.049259    -0.079811
    4     2     0.035275    -0.050349
    4    -2     0.012729     0.031058
    4     3    -0.102104     0.003123
    4    -3    -0.086602     0.007499
    4     4    -0.061344    -0.004611
    4    -4     0.037491     0.040759
    5     0     0.006281    -0.002519
    5     1    -0.046516    -0.035648
    5    -1     0.015548     0.031337
    5     2    -0.039853     0.071476
    5    -2     0.071853    -0.005970
    5     3     0.069445    -0.037131
    5    -3     0.084849    -0.013961
    5     4     0.063123    -0.028531
    5    -4    -0.056973    -0.021517
    5     5    -0.009960    -0.014397
    5    -5    -0.004588    -0.035810
    6     0    -0.019509    -0.031211
    6     1     0.071937     0.039801
    6    -1    -0.017925     0.018524
    6     2     0.010343    -0.021070
    6    -2    -0.003242     0.037488
    6     3     0.028738    -0.023734
    6    -3    -0.057417     0.010602
    6     4    -0.067125    -0.024703
    6    -4     0.020554     0.089130
    6     5    -0.008538     0.052381
    6    -5     0.023321     0.040289
    6     6     0.008587     0.033627
    6    -6     0.003616    -0.005376
    7     0    -0.004704     0.025894
    7     1     0.021383     0.022811
    7    -1    -0.020215    -0.019377
    7     2    -0.005450    -0.035245
    7    -2    -0.051222     0.031069
    7     3    -0.052314    -0.019475
    7    -3     0.005710    -0.000588
    7     4    -0.019691    -0.007556
    7    -4     0.028765     0.006140
    7     5     0.003586    -0.019285
    7    -5    -0.010965    -0.036828
    7     6    -0.038871    -0.033892
    7    -6     0.057927     0.015173
    7     7     0.053462    -0.001309
    7    -7     0.008359    -0.000936
    8     0    -0.013165     0.011121
    8     1    -0.035166     0.009110
    8    -1     0.014613    -0.006811
    8     2    -0.008261     0.024049
    8    -2    -0.029051    -0.019028
    8     3     0.006308     0.004566
    8    -3    -0.007299     0.012605
    8     4     0.009732     0.010481
    8    -4     0.012786     0.031379
    8     5     0.026399     0.014406
    8    -5     0.041127     0.030253
    8     6     0.017278     0.021096
    8    -6    -0.009606     0.039765
    8     7    -0.031733     0.019439
    8    -7     0.012787    -0.005371
    8     8     0.029359     0.004749
    8    -8     0.010277    -0.017880
    9     0    -0.019492    -0.015127
    9     1    -0.005830     0.024197
    9    -1    -0.001458    -0.004514
    9     2     0.012984     0.002784
    9    -2    -0.002317     0.007209
    9     3    -0.003703     0.008654
    9    -3    -0.014414     0.022986
    9     4    -0.011944    -0.017006
    9    -4     0.006995    -0.000346
    9     5     0.022646     0.004785
    9    -5     0.012893     0.006643
    9     6     0.005467     0.004868
    9    -6    -0.004044    -0.010436
    9     7     0.022277     0.003530
    9    -7    -0.002465    -0.012675
    9     8     0.000136    -0.004617
    9    -8    -0.019692    -0.001761
    9     9     0.005404    -0.003118
    9    -9    -0.001850     0.004506
   10     0     0.005692    -0.002969
   10     1    -0.021758    -0.001101
   10    -1     0.004766     0.005125
   10     2    -0.018325    -0.002624
   10    -2     0.012465     0.004613
   10     3    -0.000765     0.019911
   10    -3     0.000615     0.000856
   10     4    -0.005184     0.005714
   10    -4    -0.009856     0.007164
   10     5    -0.003304     0.019293
   10    -5     0.001550     0.016691
   10     6     0.006174     0.015861
   10    -6     0.006656     0.021881
   10     7     0.021220     0.015949
   10    -7     0.000100     0.007968
   10     8     0.008102     0.010567
   10    -8     0.003984     0.003631
   10     9    -0.010984     0.007084
   10    -9     0.012265     0.004954
   10    10     0.007487    -0.001131
   10   -10     0.001419    -0.008805
   11     0    -0.006698    -0.003509
   11     1    -0.004903     0.005678
   11    -1    -0.003228     0.000393
   11     2    -0.007440     0.001372
   11    -2    -0.000283     0.010078
   11     3     0.008236     0.010741
   11    -3     0.003141     0.007631
   11     4    -0.009703     0.003823
   11    -4    -0.003683    -0.000206
   11     5    -0.001231     0.002002
   11    -5    -0.001594     0.000372
   11     6    -0.013673    -0.000929
   11    -6     0.002200     0.004502
   11     7    -0.003490     0.011018
   11    -7     0.011260    -0.007897
   11     8     0.008558    -0.006152
   11    -8     0.010731    -0.012990
   11     9     0.005841    -0.013784
   11    -9    -0.011038     0.002704
   11    10    -0.003402    -0.003692
   11   -10    -0.002944     0.002571
   11    11     0.007041     0.006807
   11   -11    -0.012470     0.000959
   12     0     0.005366     0.005401
   12     1    -0.019148    -0.007956
   12    -1     0.004918    -0.000526
   12     2    -0.012430     0.011173
   12    -2     0.004593     0.008398
   12     3     0.000036     0.014141
   12    -3     0.011553    -0.004062
   12     4     0.016495     0.007437
   12    -4    -0.013018    -0.013998
   12     5    -0.010578     0.009449
   12    -5    -0.005403     0.005543
   12     6     0.000781     0.012660
   12    -6     0.009182     0.006553
   12     7     0.019442     0.016532
   12    -7     0.007281     0.012598
   12     8     0.009685     0.017748
   12    -8    -0.007307     0.000781
   12     9     0.003046     0.013416
   12    -9     0.008260     0.005178
   12    10     0.018214     0.008630
   12   -10     0.000944    -0.002989
   12    11     0.004378     0.001157
   12   -11     0.004677    -0.008979
   12    12     0.005672     0.000333
   12   -12    -0.007274     0.001825
   13     0    -0.003891    -0.007988
   13     1    -0.001066     0.002692
   13    -1     0.004475     0.002291
   13     2    -0.000491     0.008893
   13    -2     0.000090     0.001075
   13     3     0.008756     0.014786
   13    -3     0.000794     0.004299
   13     4     0.003015     0.003936
   13    -4    -0.005386    -0.006621
   13     5    -0.000460     0.009247
   13    -5    -0.005139     0.002661
   13     6    -0.003402    -0.002616
   13    -6     0.010650    -0.001744
   13     7     0.002367     0.002865
   13    -7     0.009037     0.001513
   13     8     0.006420    -0.004298
   13    -8     0.004224     0.002772
   13     9     0.007810    -0.004639
   13    -9    -0.005504    -0.010946
   13    10    -0.000398    -0.001633
   13   -10    -0.005568    -0.006367
   13    11    -0.000953    -0.005946
   13   -11    -0.003415     0.004555
   13    12    -0.007289    -0.004065
   13   -12     0.001302     0.005128
   13    13     0.002768     0.010185
   13   -13    -0.013185     0.006710
   14     0     0.003164    -0.002927
   14     1    -0.008719    -0.000849
   14    -1    -0.004190     0.000280
   14     2    -0.003429     0.006160
   14    -2     0.006626     0.002938
   14     3    -0.005687     0.016072
   14    -3     0.012047    -0.003792
   14     4     0.008202     0.006568
   14    -4    -0.002634    -0.014388
   14     5    -0.008934     0.000495
   14    -5    -0.002894    -0.001338
   14     6    -0.001882     0.006543
   14    -6     0.002380     0.001059
   14     7     0.008670     0.010167
   14    -7     0.005032     0.000703
   14     8     0.010646     0.017501
   14    -8    -0.000599    -0.007551
   14     9     0.004063     0.003383
   14    -9    -0.009509    -0.002920
   14    10     0.012629     0.005119
   14   -10     0.000272    -0.002086
   14    11     0.009976     0.005393
   14   -11    -0.008248    -0.005200
   14    12     0.004117     0.000571
   14   -12     0.001656    -0.005777
   14    13     0.007458    -0.007157
   14   -13     0.002275    -0.004313
   14    14    -0.000722    -0.001434
   14   -14     0.000479     0.001412
   15     0     0.001424    -0.004441
   15     1     0.002180    -0.002480
   15    -1     0.004005     0.002541
   15     2     0.000549     0.009696
   15    -2     0.002796     0.003597
   15     3     0.011653     0.013891
   15    -3     0.000831    -0.004080
   15     4    -0.000645     0.004958
   15    -4    -0.007195    -0.007802
   15     5    -0.005065     0.006031
   15    -5    -0.002790     0.001040
   15     6    -0.006396     0.004464
   15    -6     0.005725    -0.003774
   15     7     0.002890     0.001754
   15    -7    -0.000502     0.001198
   15     8     0.004237     0.001092
   15    -8    -0.001398     0.001136
   15     9     0.000673     0.000853
   15    -9     0.000679     0.000818
   15    10     0.000934     0.002747
   15   -10     0.004608    -0.007546
   15    11     0.002525    -0.008188
   15   -11    -0.001920    -0.000463
   15    12    -0.001878    -0.007690
   15   -12    -0.003262     0.007785
   15    13     0.000032     0.007670
   15   -13    -0.006654     0.005610
   15    14    -0.004430    -0.003056
   15   -14    -0.000152     0.002991
   15    15    -0.004403     0.001341
   15   -15    -0.004414    -0.005120
   16     0    -0.004025     0.004237
   16     1    -0.001268     0.000801
   16    -1    -0.005316    -0.003591
   16     2     0.006311     0.001077
   16    -2    -0.001414     0.002127
   16     3    -0.001324     0.006529
   16    -3     0.000326    -0.000260
   16     4     0.004468     0.005163
   16    -4     0.002139    -0.009969
   16     5    -0.004549     0.000414
   16    -5     0.001698    -0.006140
   16     6     0.004159    -0.001045
   16    -6    -0.000937    -0.000584
   16     7     0.004202     0.005945
   16    -7    -0.005533     0.003455
   16     8    -0.001881     0.008794
   16    -8     0.002916    -0.006676
   16     9     0.003936     0.002066
   16    -9    -0.001215    -0.005546
   16    10     0.009684     0.001088
   16   -10    -0.001077    -0.002586
   16    11     0.002412     0.000164
   16   -11    -0.007160    -0.008398
   16    12     0.008089     0.001279
   16   -12     0.000161    -0.003277
   16    13     0.010730    -0.002968
   16   -13    -0.007293    -0.006486
   16    14     0.005172    -0.000446
   16   -14    -0.006863     0.003053
   16    15     0.001508    -0.002047
   16   -15    -0.002469    -0.004450
   16    16     0.000946    -0.002203
   16   -16     0.002252    -0.001838
   17     0     0.009140    -0.001684
   17     1     0.006260    -0.008318
   17    -1     0.000246     0.002829
   17     2    -0.000395     0.008863
   17    -2    -0.003259    -0.001795
   17     3     0.002980     0.010646
   17    -3     0.001668    -0.002651
   17     4     0.005929     0.003302
   17    -4    -0.007183    -0.006969
   17     5    -0.003415    -0.000700
   17    -5    -0.005698    -0.000601
   17     6     0.000758    -0.001740
   17    -6     0.006088     0.000090
   17     7     0.004726     0.003358
   17    -7     0.004767    -0.000566
   17     8     0.004623    -0.001295
   17    -8     0.003693     0.003646
   17     9    -0.002644    -0.000058
   17    -9    -0.000224     0.000511
   17    10    -0.000382     0.003948
   17   -10     0.005247    -0.005321
   17    11     0.004205    -0.004138
   17   -11    -0.006225    -0.001619
   17    12     0.000632     0.001562
   17   -12    -0.007522     0.000299
   17    13    -0.003185     0.000890
   17   -13    -0.005888     0.002107
   17    14     0.001273    -0.001471
   17   -14    -0.001981     0.001466
   17    15    -0.004211     0.002815
   17   -15    -0.003731    -0.000359
   17    16    -0.001008     0.003479
   17   -16     0.001656     0.000715
   17    17    -0.001989     0.001500
   17   -17     0.007350    -0.006372
   18     0     0.000390     0.002423
   18     1     0.002094     0.004620
   18    -1    -0.004994    -0.001781
   18     2     0.005239    -0.000935
   18    -2    -0.006238    -0.003839
   18     3    -0.001868     0.004127
   18    -3    -0.004887     0.001061
   18     4    -0.002356     0.001663
   18    -4     0.000481    -0.007360
   18     5    -0.005407     0.000650
   18    -5     0.004927    -0.005892
   18     6     0.008089    -0.004456
   18    -6     0.002528    -0.004161
   18     7     0.003722    -0.001734
   18    -7    -0.008263     0.002127
   18     8    -0.007710     0.005212
   18    -8    -0.001832    -0.000790
   18     9     0.001939     0.001351
   18    -9    -0.001631    -0.002522
   18    10     0.005635     0.002205
   18   -10     0.000940    -0.003307
   18    11     0.003461     0.001676
   18   -11    -0.006084    -0.007008
   18    12     0.002942    -0.001070
   18   -12    -0.004939    -0.002501
   18    13     0.006425    -0.006349
   18   -13    -0.003252     0.000936
   18    14    -0.004869    -0.004424
   18   -14    -0.009055     0.001131
   18    15    -0.000178     0.000565
   18   -15     0.001022    -0.001043
   18    16     0.002033    -0.001436
   18   -16    -0.003918    -0.001129
   18    17     0.001171    -0.004731
   18   -17    -0.006215     0.000765
   18    18    -0.007671     0.000275
   18   -18     0.003726     0.008199
   19     0     0.003111     0.004555
   19     1     0.005613    -0.008284
   19    -1    -0.007438    -0.000668
   19     2     0.001006     0.003275
   19    -2    -0.007688     0.003290
   19     3    -0.005753     0.007784
   19    -3     0.005506     0.001439
   19     4    -0.000065     0.005729
   19    -4     0.001376    -0.000811
   19     5    -0.003622     0.000111
   19    -5    -0.007783    -0.000096
   19     6     0.002152    -0.003837
   19    -6     0.001878     0.001046
   19     7     0.006542     0.004446
   19    -7     0.000056     0.002816
   19     8     0.005417     0.002144
   19    -8     0.005773     0.002589
   19     9     0.004039     0.000700
   19    -9    -0.002138     0.001595
   19    10    -0.005107     0.000760
   19   -10     0.001172     0.001090
   19    11     0.002960    -0.003246
   19   -11    -0.001358    -0.000467
   19    12    -0.001013    -0.000959
   19   -12     0.000475     0.001153
   19    13    -0.001784    -0.000643
   19   -13    -0.004364    -0.002653
   19    14    -0.004895    -0.004734
   19   -14    -0.002134     0.000754
   19    15    -0.003756     0.003397
   19   -15    -0.001561     0.003187
   19    16    -0.004302     0.005975
   19   -16     0.002120     0.002688
   19    17     0.000232    -0.002386
   19   -17     0.006380    -0.002247
   19    18    -0.002036     0.001367
   19   -18     0.001310    -0.003479
   19    19    -0.000523    -0.001713
   19   -19    -0.001507     0.000281
   20     0    -0.000598     0.001724
   20     1     0.002393     0.000695
   20    -1    -0.005574    -0.000185
   20     2     0.003152     0.002917
   20    -2    -0.008405    -0.004322
   20     3    -0.001338    -0.000717
   20    -3    -0.004464     0.003172
   20     4    -0.001642    -0.005695
   20    -4     0.001150    -0.001221
   20     5    -0.002332    -0.001211
   20    -5     0.004819    -0.002431
   20     6     0.009210    -0.004489
   20    -6     0.003106    -0.005543
   20     7     0.002336    -0.002786
   20    -7    -0.007267    -0.001330
   20     8    -0.011028     0.002324
   20    -8    -0.004747     0.002948
   20     9    -0.001812     0.001534
   20    -9     0.000865    -0.002958
   20    10     0.005973    -0.000040
   20   -10     0.001796    -0.001117
   20    11     0.001163    -0.001596
   20   -11    -0.005180    -0.008104
   20    12     0.001788    -0.001145
   20   -12    -0.001573    -0.003837
   20    13     0.004898    -0.004816
   20   -13     0.000002     0.001316
   20    14     0.000506    -0.003235
   20   -14    -0.003716     0.001722
   20    15     0.001763    -0.001900
   20   -15     0.000749    -0.001391
   20    16     0.002105    -0.004584
   20   -16    -0.003137    -0.000231
   20    17    -0.000001    -0.002264
   20   -17    -0.003917    -0.003213
   20    18    -0.005030    -0.001439
   20   -18    -0.000318     0.002920
   20    19    -0.005945     0.003236
   20   -19     0.001228    -0.003146
   20    20    -0.000545     0.002334
   20   -20     0.002218     0.000217
   21     0    -0.002345     0.002661
   21     1    -0.000549    -0.001856
   21    -1    -0.004474    -0.003454
   21     2     0.005302     0.001979
   21    -2    -0.005165     0.001513
   21     3    -0.002683     0.004423
   21    -3     0.001861     0.001659
   21     4     0.000509     0.001900
   21    -4     0.008055     0.001158
   21     5    -0.001547     0.005154
   21    -5     0.000603     0.002441
   21     6     0.003875    -0.000217
   21    -6     0.002248    -0.001607
   21     7     0.004284     0.001874
   21    -7    -0.007054     0.004754
   21     8     0.004467     0.004832
   21    -8    -0.000153     0.004636
   21     9     0.003118     0.002086
   21    -9    -0.001509     0.004897
   21    10    -0.003062     0.004220
   21   -10     0.002612     0.000683
   21    11    -0.000024    -0.002053
   21   -11    -0.000496    -0.002311
   21    12    -0.002513    -0.003047
   21   -12     0.000156     0.004010
   21    13     0.001610     0.001364
   21   -13    -0.002440    -0.002772
   21    14    -0.000053    -0.002268
   21   -14    -0.005237    -0.001424
   21    15    -0.000316     0.000694
   21   -15    -0.001721     0.001006
   21    16    -0.003439     0.004887
   21   -16    -0.000001     0.002139
   21    17     0.000507    -0.000694
   21   -17     0.004413    -0.000577
   21    18     0.001085     0.002912
   21   -18     0.002828    -0.002435
   21    19     0.004210     0.001754
   21   -19    -0.000116     0.001860
   21    20     0.000706    -0.003041
   21   -20    -0.000021     0.001305
   21    21    -0.000364    -0.000232
   21   -21     0.004007     0.001770
   22     0     0.002933     0.000384
   22     1     0.000567    -0.001525
   22    -1    -0.002632     0.000734
   22     2     0.002241     0.003171
   22    -2    -0.004274    -0.002468
   22     3    -0.002464     0.004014
   22    -3    -0.003556     0.002246
   22     4    -0.004560    -0.005491
   22    -4    -0.000349     0.000822
   22     5    -0.001822    -0.003376
   22    -5     0.000345     0.004298
   22     6     0.008818    -0.004940
   22    -6     0.000272    -0.003213
   22     7     0.004453    -0.002977
   22    -7    -0.005293    -0.001890
   22     8    -0.007671     0.000395
   22    -8    -0.005298     0.002847
   22     9    -0.003652     0.001934
   22    -9     0.003891    -0.000841
   22    10     0.003315    -0.002178
   22   -10     0.000012     0.000602
   22    11     0.001030     0.000309
   22   -11    -0.005960    -0.005152
   22    12    -0.001099    -0.000952
   22   -12    -0.002296    -0.000801
   22    13     0.004451    -0.003277
   22   -13    -0.001638     0.001764
   22    14     0.000659    -0.001507
   22   -14    -0.004019     0.000956
   22    15     0.001838    -0.003979
   22   -15    -0.002937    -0.000711
   22    16     0.003075    -0.007344
   22   -16    -0.002439     0.001736
   22    17    -0.000908    -0.005980
   22   -17    -0.002618    -0.000563
   22    18    -0.002255    -0.001256
   22   -18    -0.002629     0.002872
   22    19    -0.004878    -0.000973
   22   -19     0.000082     0.000756
   22    20    -0.002465    -0.000307
   22   -20     0.004259     0.000414
   22    21    -0.000047     0.000142
   22   -21     0.001992     0.002871
   22    22    -0.001904    -0.002882
   22   -22     0.001725     0.003295
   23     0    -0.002182    -0.001629
   23     1    -0.004348    -0.001720
   23    -1    -0.000961    -0.001620
   23     2     0.004487     0.002597
   23    -2     0.000030    -0.002039
   23     3     0.002959    -0.000213
   23    -3    -0.003437     0.000481
   23     4    -0.000648    -0.000971
   23    -4     0.005722     0.003222
   23     5     0.000657     0.004368
   23    -5     0.002464     0.002583
   23     6     0.003175     0.001905
   23    -6     0.004130    -0.004796
   23     7     0.002939     0.004015
   23    -7    -0.008659    -0.001306
   23     8     0.000764     0.004424
   23    -8    -0.003485     0.004603
   23     9     0.003345     0.003940
   23    -9    -0.000596     0.003806
   23    10    -0.000103     0.005077
   23   -10     0.002567     0.002262
   23    11     0.000862     0.002147
   23   -11     0.003757    -0.004425
   23    12    -0.001217    -0.001653
   23   -12     0.001210    -0.000362
   23    13    -0.002637    -0.000866
   23   -13     0.000028    -0.001052
   23    14    -0.002226     0.001391
   23   -14    -0.004373    -0.001762
   23    15    -0.001013    -0.000477
   23   -15     0.000346    -0.001785
   23    16    -0.004282     0.001609
   23   -16    -0.001289    -0.000308
   23    17    -0.004702    -0.000125
   23   -17     0.003257     0.002572
   23    18    -0.002811     0.005322
   23   -18     0.001287    -0.001624
   23    19     0.002090     0.004066
   23   -19    -0.000355    -0.002948
   23    20    -0.000482    -0.000181
   23   -20    -0.001138     0.001279
   23    21     0.000911     0.002464
   23   -21    -0.000199    -0.002469
   23    22     0.000801    -0.002108
   23   -22    -0.000362    -0.001642
   23    23     0.000152    -0.002532
   23   -23     0.003187     0.000298
   24     0     0.000014     0.001501
   24     1     0.001485    -0.000547
   24    -1    -0.000978     0.001056
   24     2     0.000357     0.001086
   24    -2    -0.004165    -0.000719
   24     3    -0.000086     0.002483
   24    -3    -0.000504     0.003541
   24     4    -0.004474    -0.001157
   24    -4     0.000701    -0.002099
   24     5    -0.001268    -0.001936
   24    -5    -0.000981     0.003489
   24     6     0.005951    -0.002300
   24    -6    -0.001132     0.001949
   24     7     0.003589    -0.003580
   24    -7    -0.003345    -0.000015
   24     8    -0.004105     0.000824
   24    -8    -0.001733     0.001915
   24     9    -0.003941     0.003308
   24    -9     0.006162    -0.003489
   24    10     0.001633    -0.001726
   24   -10    -0.001225    -0.001334
   24    11    -0.003773    -0.001474
   24   -11    -0.005031     0.001022
   24    12    -0.000704    -0.001131
   24   -12    -0.001569     0.001361
   24    13     0.004860    -0.002132
   24   -13    -0.001264     0.001660
   24    14    -0.000712    -0.000954
   24   -14    -0.002662     0.000896
   24    15    -0.001453     0.000151
   24   -15    -0.000873    -0.000961
   24    16    -0.000396    -0.004377
   24   -16    -0.001259     0.002380
   24    17    -0.001358    -0.002910
   24   -17    -0.002450     0.000442
   24    18     0.000246    -0.003556
   24   -18    -0.001385     0.005707
   24    19    -0.002400    -0.003092
   24   -19    -0.003956     0.002099
   24    20    -0.003716     0.000257
   24   -20     0.003592     0.002318
   24    21    -0.001088    -0.001109
   24   -21     0.002752     0.005325
   24    22    -0.001200     0.001552
   24   -22     0.001208     0.002133
   24    23    -0.001084    -0.001559
   24   -23    -0.000504    -0.003031
   24    24     0.001140    -0.000855
   24   -24     0.000852    -0.003192
   25     0    -0.001742    -0.002854
   25     1    -0.002991    -0.001756
   25    -1    -0.001262     0.000458
   25     2     0.003550     0.000789
   25    -2    -0.000681    -0.003183
   25     3     0.003598    -0.000079
   25    -3    -0.000953    -0.002482
   25     4     0.000375    -0.002107
   25    -4    -0.000936     0.003584
   25     5     0.001959     0.002215
   25    -5     0.002279     0.003549
   25     6     0.003328     0.000979
   25    -6     0.004832    -0.004631
   25     7     0.001855     0.001150
   25    -7    -0.005661    -0.002131
   25     8    -0.002453     0.003425
   25    -8    -0.002300     0.002446
   25     9    -0.000286     0.004443
   25    -9    -0.002281     0.002183
   25    10    -0.001662     0.003255
   25   -10    -0.000803     0.002002
   25    11     0.002238     0.004035
   25   -11     0.001250    -0.003485
   25    12     0.002263    -0.002358
   25   -12     0.000973    -0.002699
   25    13    -0.000728    -0.003865
   25   -13     0.002795    -0.002465
   25    14    -0.001769    -0.001066
   25   -14     0.001368     0.000895
   25    15     0.000674    -0.001275
   25   -15     0.001386    -0.001989
   25    16    -0.001726    -0.000755
   25   -16     0.000318    -0.001839
   25    17    -0.002887    -0.003835
   25   -17    -0.000330     0.002266
   25    18    -0.002170     0.002181
   25   -18     0.000265    -0.000843
   25    19    -0.001184     0.001601
   25   -19    -0.002084    -0.004224
   25    20    -0.001507     0.001506
   25   -20    -0.000888     0.000597
   25    21    -0.001423     0.002540
   25   -21    -0.000157    -0.000994
   25    22     0.000272    -0.002534
   25   -22    -0.001461    -0.001124
   25    23     0.001896     0.000949
   25   -23     0.000667    -0.000948
   25    24    -0.000863     0.001413
   25   -24     0.000543     0.001796
   25    25    -0.002986     0.000665
   25   -25    -0.001184     0.003178
   26     0    -0.000402     0.001113
   26     1     0.001245     0.002940
   26    -1     0.001094     0.000022
   26     2     0.001826     0.001445
   26    -2    -0.002201    -0.000499
   26     3     0.000242     0.001142
   26    -3     0.001108     0.002209
   26     4    -0.002805     0.000557
   26    -4     0.000893    -0.000025
   26     5    -0.000089     0.000532
   26    -5     0.001820    -0.000835
   26     6     0.002386    -0.000807
   26    -6    -0.001132     0.000329
   26     7     0.003293     0.000277
   26    -7    -0.004830     0.001331
   26     8    -0.001413    -0.000580
   26    -8    -0.003326     0.003412
   26     9    -0.000809     0.002260
   26    -9     0.002679    -0.001717
   26    10     0.003399    -0.001710
   26   -10     0.000681    -0.003806
   26    11    -0.003855    -0.000526
   26   -11    -0.002247     0.000026
   26    12    -0.005081    -0.000514
   26   -12     0.000211     0.001709
   26    13     0.000780     0.000324
   26   -13    -0.000449     0.002420
   26    14     0.000954     0.000193
   26   -14    -0.003463     0.000870
   26    15     0.002003    -0.000555
   26   -15    -0.003049     0.001754
   26    16     0.001100    -0.002744
   26   -16    -0.001631     0.000680
   26    17    -0.001315    -0.003626
   26   -17    -0.001735     0.000498
   26    18     0.000054    -0.000625
   26   -18    -0.001459     0.004410
   26    19    -0.002825    -0.000681
   26   -19    -0.001524     0.001492
   26    20    -0.002094    -0.001509
   26   -20     0.002510     0.003847
   26    21    -0.000244     0.002025
   26   -21     0.001500     0.005640
   26    22    -0.002561     0.001099
   26   -22     0.002512     0.001934
   26    23     0.000610     0.001101
   26   -23     0.001680    -0.001375
   26    24    -0.001161     0.000658
   26   -24     0.000419     0.000158
   26    25    -0.000549     0.002962
   26   -25     0.001540     0.002698
   26    26     0.002754     0.000729
   26   -26    -0.000357    -0.003236
   27     0    -0.000772    -0.000438
   27     1    -0.001810    -0.002218
   27    -1     0.000195     0.001588
   27     2     0.001592    -0.002818
   27    -2    -0.000399     0.000129
   27     3     0.001088    -0.000186
   27    -3    -0.000758    -0.003226
   27     4     0.001537    -0.001085
   27    -4    -0.001808     0.000343
   27     5    -0.001252     0.000368
   27    -5     0.000137     0.003433
   27     6     0.000304     0.000499
   27    -6     0.001995    -0.000834
   27     7     0.002567     0.000046
   27    -7    -0.003068    -0.000970
   27     8    -0.001702     0.002223
   27    -8    -0.000694     0.000207
   27     9    -0.000577     0.001877
   27    -9     0.000542    -0.000548
   27    10    -0.000634     0.002440
   27   -10    -0.001310     0.000847
   27    11     0.000433     0.003109
   27   -11     0.001030    -0.001352
   27    12     0.001539    -0.000474
   27   -12    -0.000870    -0.000590
   27    13    -0.001176    -0.001562
   27   -13     0.000532    -0.000979
   27    14    -0.000446    -0.001219
   27   -14     0.000998     0.001544
   27    15     0.001101     0.000634
   27   -15     0.000389    -0.001149
   27    16    -0.001137    -0.000001
   27   -16    -0.000860    -0.000362
   27    17    -0.001901    -0.002639
   27   -17     0.001885     0.002565
   27    18    -0.001713    -0.001215
   27   -18    -0.000882     0.001569
   27    19    -0.002757     0.000764
   27   -19    -0.001205    -0.001997
   27    20    -0.002598     0.002011
   27   -20     0.001209     0.000926
   27    21    -0.001584     0.000822
   27   -21     0.001247    -0.000807
   27    22     0.000407     0.001901
   27   -22    -0.000771    -0.001284
   27    23     0.000760     0.000472
   27   -23    -0.001268    -0.003165
   27    24     0.000547     0.001596
   27   -24    -0.003794     0.000613
   27    25    -0.001426    -0.000071
   27   -25    -0.003594     0.001584
   27    26     0.002486    -0.002045
   27   -26     0.001664     0.002470
   27    27     0.004393     0.001356
   27   -27    -0.001208     0.001914
   28     0     0.000677    -0.000545
   28     1    -0.000395     0.001738
   28    -1    -0.000282    -0.000299
   28     2     0.000796     0.001439
   28    -2     0.001114    -0.000304
   28     3     0.001810     0.000083
   28    -3     0.000876     0.000354
   28     4    -0.000048     0.000008
   28    -4     0.001042    -0.001267
   28     5    -0.000228    -0.000029
   28    -5     0.000925    -0.001090
   28     6     0.000938    -0.000574
   28    -6     0.000418    -0.001608
   28     7     0.001879     0.001188
   28    -7    -0.002029    -0.000160
   28     8    -0.003330     0.000664
   28    -8    -0.002275     0.002007
   28     9    -0.001367     0.001288
   28    -9     0.000949     0.001138
   28    10     0.001735    -0.000433
   28   -10    -0.000321    -0.001976
   28    11    -0.002232    -0.000966
   28   -11    -0.001285    -0.000578
   28    12    -0.003116     0.000125
   28   -12     0.001009    -0.000036
   28    13    -0.001977     0.001522
   28   -13     0.000821     0.001409
   28    14    -0.000452     0.000399
   28   -14    -0.001251     0.002428
   28    15     0.000110     0.000611
   28   -15    -0.002285     0.000390
   28    16     0.000470    -0.001188
   28   -16    -0.002722    -0.000284
   28    17    -0.003316    -0.001329
   28   -17     0.000053    -0.001281
   28    18    -0.002354    -0.002678
   28   -18     0.000768     0.002474
   28    19    -0.002677    -0.000833
   28   -19    -0.000174     0.001645
   28    20     0.000055    -0.000090
   28   -20     0.001353     0.002767
   28    21     0.001398    -0.000213
   28   -21    -0.001053     0.004924
   28    22     0.000547     0.000974
   28   -22    -0.000465     0.002781
   28    23     0.002805    -0.000330
   28   -23     0.000579     0.000112
   28    24     0.000099     0.001009
   28   -24     0.001543     0.001519
   28    25     0.000282     0.001649
   28   -25     0.000694     0.002658
   28    26     0.000976    -0.000378
   28   -26     0.003524    -0.002962
   28    27     0.001779     0.000025
   28   -27     0.000737     0.000984
   28    28     0.001649     0.002196
   28   -28     0.003684    -0.000678
