# Spherical harmonic expansion of the N2 tidal magnetic signal
# Estimated on 29-Jan-2019 21:58:56                                           
# If used, please refer to the Grayver and Olsen, GRL, 2019
# Phase given with respect to the Greenwich meridian                          
# First data line: N_max T (in hours)                                         
# Subsequent data lines: degree n   order m   a_n^m/b_n^m   c_n^m/d_n^m       
# where m >= 0 correspond to the cosine time dependent terms a_n^m resp c_n^m,
# and m < 0 correspond to the sine time dependent terms b_n^m resp d_n^m.     
   12  12.6583                                                                
    1     0     0.034535     0.025008
    1     1    -0.007196     0.005157
    1    -1     0.011312     0.010485
    2     0    -0.008501     0.006598
    2     1    -0.010442     0.002530
    2    -1     0.004955     0.003241
    2     2     0.004643     0.000248
    2    -2    -0.005770    -0.006803
    3     0     0.003999     0.000138
    3     1    -0.016771     0.000197
    3    -1     0.001022     0.002341
    3     2     0.005252    -0.004389
    3    -2     0.000545    -0.030730
    3     3     0.014130    -0.007790
    3    -3     0.011508    -0.000818
    4     0     0.007975    -0.002190
    4     1    -0.004789    -0.008185
    4    -1    -0.013634    -0.009422
    4     2     0.001226    -0.004274
    4    -2     0.007200     0.005653
    4     3    -0.025524     0.005301
    4    -3    -0.014057     0.006052
    4     4    -0.004065     0.008723
    4    -4     0.007712    -0.000949
    5     0     0.010276     0.003359
    5     1    -0.011330     0.001549
    5    -1     0.008102     0.000876
    5     2     0.001654     0.017779
    5    -2     0.014369    -0.010345
    5     3     0.008674    -0.014848
    5    -3     0.016772    -0.016358
    5     4     0.011671    -0.012214
    5    -4    -0.007130    -0.005791
    5     5     0.000115    -0.004871
    5    -5    -0.002009    -0.000833
    6     0    -0.003157    -0.007958
    6     1     0.012171     0.002501
    6    -1    -0.005616     0.007089
    6     2     0.007900    -0.006313
    6    -2    -0.000712    -0.002735
    6     3     0.007410    -0.009537
    6    -3    -0.007021     0.000649
    6     4    -0.005648     0.001791
    6    -4     0.008304     0.016090
    6     5    -0.000955     0.010879
    6    -5     0.002704     0.001792
    6     6     0.001605     0.004939
    6    -6     0.005249     0.003939
    7     0     0.003703     0.009000
    7     1     0.003517     0.004433
    7    -1    -0.003085    -0.007469
    7     2     0.009653    -0.003079
    7    -2    -0.000926     0.000909
    7     3    -0.012376    -0.003319
    7    -3    -0.005164    -0.004654
    7     4    -0.006213    -0.001965
    7    -4     0.007761    -0.002018
    7     5     0.000507    -0.007481
    7    -5    -0.001962    -0.002932
    7     6    -0.005426    -0.004575
    7    -6     0.010483    -0.000201
    7     7     0.005061    -0.002171
    7    -7     0.001532     0.002928
    8     0    -0.000279    -0.002743
    8     1    -0.001696     0.001458
    8    -1    -0.000799    -0.000773
    8     2     0.008448     0.002902
    8    -2    -0.008517    -0.012915
    8     3     0.001080    -0.002824
    8    -3    -0.001738     0.000968
    8     4     0.005548     0.000225
    8    -4     0.004516     0.001169
    8     5     0.006061     0.000495
    8    -5     0.006065     0.002984
    8     6     0.006555     0.003381
    8    -6     0.000660     0.008557
    8     7    -0.003392     0.004320
    8    -7    -0.001597    -0.001997
    8     8     0.010937     0.004415
    8    -8    -0.001911    -0.006606
    9     0    -0.000666    -0.000050
    9     1    -0.000933     0.005031
    9    -1    -0.002443    -0.004284
    9     2     0.007072    -0.000215
    9    -2     0.004955    -0.003247
    9     3    -0.001789    -0.004635
    9    -3    -0.006924     0.002144
    9     4    -0.004455    -0.003244
    9    -4     0.002940     0.000655
    9     5     0.003678    -0.002053
    9    -5     0.002897     0.000964
    9     6     0.001872     0.001776
    9    -6     0.001989     0.000939
    9     7     0.003048    -0.001715
    9    -7    -0.004336    -0.001305
    9     8    -0.000716    -0.004119
    9    -8    -0.000093     0.004693
    9     9     0.004657     0.000001
    9    -9     0.002184     0.002136
   10     0     0.000499    -0.002288
   10     1     0.000108    -0.000843
   10    -1    -0.002944     0.000940
   10     2     0.000883    -0.002177
   10    -2    -0.001643    -0.008398
   10     3     0.001920    -0.002114
   10    -3    -0.003261     0.001687
   10     4     0.000140     0.001900
   10    -4    -0.000213     0.004638
   10     5     0.000968     0.003482
   10    -5    -0.000041     0.002557
   10     6     0.003008     0.003534
   10    -6     0.003425     0.003262
   10     7     0.004098     0.002866
   10    -7     0.000852     0.002110
   10     8     0.002817     0.002204
   10    -8     0.000471    -0.000486
   10     9    -0.000219     0.004828
   10    -9    -0.000258     0.000029
   10    10     0.000262     0.002287
   10   -10    -0.003585    -0.001260
   11     0    -0.000595    -0.000520
   11     1    -0.000284     0.000282
   11    -1    -0.003146    -0.003065
   11     2     0.001056    -0.001393
   11    -2     0.002016    -0.001498
   11     3     0.000413    -0.003173
   11    -3    -0.004191     0.000688
   11     4    -0.003544     0.000904
   11    -4     0.000613     0.001792
   11     5    -0.001297    -0.001185
   11    -5     0.002199     0.001414
   11     6     0.000984     0.000533
   11    -6     0.002620     0.002392
   11     7    -0.000525     0.001524
   11    -7    -0.000148     0.000544
   11     8     0.001615    -0.002401
   11    -8     0.002389    -0.002468
   11     9    -0.000012    -0.002148
   11    -9    -0.002691     0.001664
   11    10    -0.000217    -0.000697
   11   -10    -0.000085    -0.000352
   11    11     0.003369     0.001832
   11   -11    -0.003607     0.003074
   12     0    -0.000212    -0.000053
   12     1    -0.000704    -0.001307
   12    -1    -0.001293    -0.000273
   12     2     0.002969     0.001309
   12    -2    -0.001272    -0.005314
   12     3     0.000748    -0.003231
   12    -3    -0.001258     0.000099
   12     4     0.001817     0.001060
   12    -4    -0.003024     0.001630
   12     5    -0.001235     0.002078
   12    -5     0.000668     0.000864
   12     6     0.001472     0.001844
   12    -6     0.001539     0.001175
   12     7     0.003811    -0.000650
   12    -7    -0.000141     0.002489
   12     8     0.002321     0.001913
   12    -8    -0.001466     0.000333
   12     9     0.000436     0.002280
   12    -9     0.002111     0.001005
   12    10     0.004387     0.000138
   12   -10     0.000886    -0.000562
   12    11    -0.000069    -0.001529
   12   -11     0.000752     0.000829
   12    12    -0.001463     0.003250
   12   -12    -0.002782    -0.001360
