# Spherical harmonic expansion of the O1 tidal magnetic signal
# Estimated on 29-Jan-2019 21:58:56                                           
# If used, please refer to the Grayver and Olsen, GRL, 2019
# Phase given with respect to the Greenwich meridian                          
# First data line: N_max T (in hours)                                         
# Subsequent data lines: degree n   order m   a_n^m/b_n^m   c_n^m/d_n^m       
# where m >= 0 correspond to the cosine time dependent terms a_n^m resp c_n^m,
# and m < 0 correspond to the sine time dependent terms b_n^m resp d_n^m.     
   12  25.8193                                                                
    1     0     0.013882    -0.002282
    1     1    -0.006401    -0.001697
    1    -1     0.008235     0.034825
    2     0     0.004380     0.022846
    2     1    -0.042880     0.009420
    2    -1     0.014269     0.009773
    2     2     0.004417    -0.021962
    2    -2    -0.001662    -0.032609
    3     0    -0.014913     0.010832
    3     1    -0.005840    -0.033171
    3    -1    -0.041411     0.016982
    3     2    -0.002687     0.021605
    3    -2     0.003510     0.007441
    3     3    -0.015646     0.011831
    3    -3    -0.000551    -0.009067
    4     0     0.003989    -0.004729
    4     1    -0.002315     0.001473
    4    -1     0.013500     0.000801
    4     2     0.004097     0.004417
    4    -2     0.015173    -0.009109
    4     3     0.010904    -0.015177
    4    -3    -0.006563     0.025959
    4     4    -0.006768     0.012964
    4    -4     0.005333    -0.003125
    5     0     0.003471    -0.007237
    5     1     0.001642    -0.011437
    5    -1    -0.002671     0.000213
    5     2    -0.000511     0.001696
    5    -2    -0.011253     0.004479
    5     3     0.000758    -0.002095
    5    -3    -0.009687    -0.015180
    5     4     0.010168    -0.002270
    5    -4     0.012108    -0.005814
    5     5     0.005815    -0.009337
    5    -5    -0.005934     0.006820
    6     0     0.001929     0.009259
    6     1    -0.006353     0.004446
    6    -1    -0.001709     0.008986
    6     2     0.001397     0.004804
    6    -2     0.006152     0.004799
    6     3     0.001253     0.000856
    6    -3    -0.003264     0.006095
    6     4    -0.007527     0.004880
    6    -4    -0.007944     0.001955
    6     5    -0.000286     0.002576
    6    -5    -0.001760    -0.000177
    6     6     0.002462    -0.005116
    6    -6    -0.001379     0.001904
    7     0     0.009591     0.006936
    7     1    -0.000218    -0.001053
    7    -1    -0.004423     0.007033
    7     2    -0.006438    -0.004955
    7    -2    -0.005436     0.001894
    7     3    -0.005730     0.007216
    7    -3    -0.001292    -0.004402
    7     4     0.007337     0.001016
    7    -4     0.007531    -0.005961
    7     5    -0.000647    -0.003147
    7    -5    -0.002061     0.000474
    7     6     0.004697     0.003713
    7    -6     0.003677     0.000810
    7     7     0.000659    -0.008579
    7    -7     0.007120    -0.003585
    8     0     0.000279     0.005326
    8     1    -0.005875    -0.004824
    8    -1    -0.005372     0.001472
    8     2    -0.001724     0.000659
    8    -2     0.007255     0.005929
    8     3     0.008704    -0.000529
    8    -3     0.005545     0.003898
    8     4     0.004203     0.000725
    8    -4    -0.006257     0.008142
    8     5     0.000656     0.000714
    8    -5    -0.003222    -0.002026
    8     6    -0.004670     0.000829
    8    -6     0.000108     0.002418
    8     7     0.002285     0.006354
    8    -7    -0.000357     0.004216
    8     8    -0.001662     0.004766
    8    -8    -0.003321     0.001816
    9     0     0.006041     0.007475
    9     1    -0.002147     0.002688
    9    -1     0.003868     0.001294
    9     2     0.001107     0.001073
    9    -2    -0.002290    -0.003033
    9     3    -0.001407     0.001449
    9    -3    -0.005997    -0.000220
    9     4     0.001078     0.001508
    9    -4     0.003862    -0.001694
    9     5    -0.003408    -0.003655
    9    -5    -0.001638     0.000689
    9     6     0.002030    -0.000552
    9    -6     0.000602     0.003003
    9     7    -0.004472    -0.003547
    9    -7     0.000219    -0.001844
    9     8     0.003267     0.001125
    9    -8     0.000330     0.001527
    9     9    -0.001016     0.001322
    9    -9    -0.000306    -0.002038
   10     0    -0.004603    -0.000189
   10     1    -0.007272    -0.003591
   10    -1    -0.003179     0.001000
   10     2    -0.003472     0.002804
   10    -2     0.000391     0.005400
   10     3     0.003945     0.005262
   10    -3     0.003106     0.002526
   10     4     0.004658     0.000198
   10    -4    -0.001415     0.003761
   10     5     0.002754     0.003063
   10    -5    -0.004558     0.002628
   10     6    -0.002067     0.000959
   10    -6    -0.002775    -0.001401
   10     7     0.000489     0.000449
   10    -7    -0.000873     0.001317
   10     8    -0.000365    -0.000211
   10    -8    -0.000434     0.001874
   10     9     0.003024     0.001817
   10    -9    -0.001485     0.000610
   10    10     0.002130    -0.003335
   10   -10    -0.001962    -0.000515
   11     0     0.003124     0.004215
   11     1    -0.000833     0.002561
   11    -1     0.000110     0.000546
   11     2     0.003077     0.001571
   11    -2    -0.000625    -0.001229
   11     3     0.002547     0.001779
   11    -3    -0.002603     0.002490
   11     4    -0.000266    -0.000371
   11    -4     0.000691    -0.001493
   11     5    -0.005111     0.000250
   11    -5     0.001866    -0.001192
   11     6     0.003105    -0.000752
   11    -6     0.001479    -0.000366
   11     7    -0.001907    -0.001617
   11    -7     0.000769    -0.001444
   11     8    -0.000529    -0.000476
   11    -8     0.000248     0.000389
   11     9    -0.004394    -0.001948
   11    -9     0.000846    -0.003307
   11    10     0.001667    -0.002516
   11   -10     0.002804    -0.001091
   11    11    -0.000678    -0.001371
   11   -11    -0.000402     0.004759
   12     0    -0.001057     0.000124
   12     1    -0.003213    -0.002041
   12    -1     0.000419     0.000099
   12     2    -0.001115     0.000899
   12    -2     0.000748     0.003600
   12     3     0.001063     0.004064
   12    -3     0.001601    -0.000985
   12     4     0.000408     0.000069
   12    -4     0.000818    -0.000112
   12     5    -0.000259     0.000254
   12    -5    -0.002202     0.000412
   12     6    -0.001796     0.002686
   12    -6    -0.000925     0.000414
   12     7     0.000914     0.000879
   12    -7    -0.000850     0.000900
   12     8     0.001321     0.000221
   12    -8    -0.000610     0.001594
   12     9     0.002065     0.002151
   12    -9     0.000740     0.000331
   12    10     0.000630     0.000968
   12   -10    -0.001253     0.000192
   12    11    -0.000119     0.001426
   12   -11    -0.000378     0.002675
   12    12    -0.000873     0.001208
   12   -12     0.001842     0.004190
