# Estimated on 22-Dec-2023 05:21:39        
# Reference: Grayver, A., Finlay, C. C., & Olsen, N. (2024). Magnetic signals from oceanic tides: new sat-ellite observations and applications. 
# Philosophical Transactions of the Royal Society of London, doi: 10.1098/rsta.2024.0078. Preprint arXiv:2404.03504 
# Estimated intercept 0                                                       
# Phase given with respect to the Greenwich meridian                          
# First data line: N_max T (in hours)                                         
# Subsequent data lines: degree n   order m   a_n^m/b_n^m   c_n^m/d_n^m       
# where m >= 0 correspond to the cosine time dependent terms a_n^m resp c_n^m,
# and m < 0 correspond to the sine time dependent terms b_n^m resp d_n^m.     
   32 12.4206                                                                 
    1     0  0.052700140  0.090435324
    1     1  0.026345298  0.000928128
    1    -1 -0.029060235 -0.017747046
    2     0 -0.019199491  0.033509329
    2     1 -0.031519079  0.002656626
    2    -1  0.029794746 -0.009919790
    2     2  0.010688608  0.021776768
    2    -2  0.001074002  0.003787465
    3     0  0.011251670 -0.013805292
    3     1 -0.017835410 -0.033115860
    3    -1 -0.021385694  0.002885192
    3     2 -0.041911147 -0.065120461
    3    -2 -0.026375676 -0.025092105
    3     3  0.055831327 -0.009523193
    3    -3  0.072796224  0.011144975
    4     0  0.028860779  0.023392122
    4     1  0.001853294 -0.020089940
    4    -1 -0.038354077 -0.066869528
    4     2  0.025840296 -0.043638221
    4    -2  0.015119180  0.029388412
    4     3 -0.089816118  0.008820646
    4    -3 -0.072131916 -0.005260870
    4     4 -0.058802028 -0.000722263
    4    -4  0.042629831  0.038373320
    5     0  0.004160156  0.004311436
    5     1 -0.042857873 -0.026677648
    5    -1  0.020242891  0.023839900
    5     2 -0.033716931  0.074855458
    5    -2  0.079080970 -0.002981546
    5     3  0.068233794 -0.026807160
    5    -3  0.075919333 -0.020790459
    5     4  0.058726199 -0.028459088
    5    -4 -0.060577969 -0.017743176
    5     5 -0.009339198 -0.010001622
    5    -5 -0.005335106 -0.037519965
    6     0 -0.015690969 -0.032133237
    6     1  0.077558121  0.042595549
    6    -1 -0.008895448  0.023947593
    6     2  0.009342091 -0.012512184
    6    -2 -0.001170025  0.028656214
    6     3  0.039845288 -0.017482807
    6    -3 -0.042188759  0.004544025
    6     4 -0.064080360 -0.022763927
    6    -4  0.012889542  0.084618260
    6     5 -0.008473992  0.052114944
    6    -5  0.020389816  0.039664492
    6     6  0.007204939  0.030439658
    6    -6 -0.005941248 -0.005894881
    7     0  0.000500125  0.033199157
    7     1  0.021404402  0.024178458
    7    -1 -0.015240218 -0.020579025
    7     2 -0.002617954 -0.030358204
    7    -2 -0.046102082  0.028415829
    7     3 -0.050848497 -0.004522335
    7    -3  0.002120541 -0.009114728
    7     4 -0.022070421 -0.003084347
    7    -4  0.032685253  0.004592532
    7     5  0.002030956 -0.013657071
    7    -5 -0.006635250 -0.035030864
    7     6 -0.039905322 -0.035062653
    7    -6  0.059897559  0.021943570
    7     7  0.050554465 -0.000070231
    7    -7  0.003828111 -0.003315007
    8     0 -0.011020182  0.013141962
    8     1 -0.034735223  0.012956943
    8    -1  0.014462020 -0.005392597
    8     2 -0.003273768  0.032234058
    8    -2 -0.027766132 -0.026753289
    8     3  0.008716176  0.004881256
    8    -3 -0.003220888  0.004314064
    8     4  0.009422840  0.014685636
    8    -4  0.009726705  0.025884504
    8     5  0.024769839  0.007424191
    8    -5  0.036140785  0.024166974
    8     6  0.018667651  0.015812121
    8    -6 -0.011406188  0.035110337
    8     7 -0.032862622  0.021932071
    8    -7  0.012182281 -0.002967062
    8     8  0.030876202  0.004734399
    8    -8  0.017797118 -0.013289456
    9     0 -0.016703007 -0.010213270
    9     1 -0.005402753  0.019532127
    9    -1  0.007024467 -0.004274180
    9     2  0.016048034  0.003548682
    9    -2  0.007131445  0.002676370
    9     3  0.001540235  0.015671669
    9    -3 -0.016495764  0.014984866
    9     4 -0.005635310 -0.011697331
    9    -4  0.007476013  0.001623924
    9     5  0.023273989  0.006813828
    9    -5  0.013539208  0.007297048
    9     6  0.008347641  0.004073540
    9    -6 -0.005159959 -0.010288204
    9     7  0.019836096  0.000317985
    9    -7 -0.001944783 -0.013633575
    9     8 -0.000565589 -0.001343796
    9    -8 -0.018802891 -0.000850294
    9     9  0.007024587 -0.005724730
    9    -9  0.002533819  0.004030205
   10     0  0.006499911 -0.004259912
   10     1 -0.015938668  0.002795672
   10    -1 -0.000535202  0.006200537
   10     2 -0.018911466  0.005714071
   10    -2  0.019157134 -0.000435990
   10     3  0.000091140  0.010702227
   10    -3 -0.004094100 -0.008168699
   10     4 -0.016833081  0.002256963
   10    -4 -0.011367091  0.012482012
   10     5 -0.004688772  0.013242888
   10    -5  0.001651932  0.013941893
   10     6  0.007230150  0.008636087
   10    -6  0.003137725  0.015263265
   10     7  0.018994879  0.016552187
   10    -7  0.002260162  0.007680198
   10     8  0.007231972  0.006898927
   10    -8  0.004108876  0.002061730
   10     9 -0.010753797  0.009075615
   10    -9  0.010582367  0.003312747
   10    10  0.007161872  0.002036671
   10   -10  0.000232754 -0.010217311
   11     0 -0.000955883  0.000577955
   11     1 -0.003883364  0.000534238
   11    -1  0.000614436  0.002663917
   11     2 -0.005148432  0.002955014
   11    -2  0.006277063  0.012765459
   11     3  0.006293314  0.007008276
   11    -3  0.000294948  0.000919583
   11     4 -0.002548346  0.009730400
   11    -4 -0.006431214  0.002238040
   11     5 -0.004376128  0.001021474
   11    -5 -0.008175233  0.001579467
   11     6 -0.015126202 -0.003051955
   11    -6  0.000825011  0.006260889
   11     7 -0.009011909  0.007957619
   11    -7  0.010249448 -0.007539220
   11     8  0.006619576 -0.004534566
   11    -8  0.010161031 -0.013335943
   11     9  0.004414678 -0.015256610
   11    -9 -0.009769032  0.001448010
   11    10 -0.006193386 -0.008406342
   11   -10 -0.003443756 -0.001705365
   11    11  0.006673282  0.006323084
   11   -11 -0.009558855  0.000296590
   12     0  0.001157324  0.002017729
   12     1 -0.009205592 -0.004474982
   12    -1  0.003092398  0.000529199
   12     2 -0.011969230  0.020163074
   12    -2  0.008336512  0.008194547
   12     3  0.005598893  0.010056298
   12    -3  0.011017370 -0.016421042
   12     4  0.007241007 -0.000011440
   12    -4 -0.013441924 -0.004739368
   12     5 -0.009569998  0.009068748
   12    -5  0.000065793  0.012394638
   12     6  0.001205085  0.008244255
   12    -6  0.007285440 -0.001782739
   12     7  0.016939495  0.014350683
   12    -7  0.007483583  0.013032571
   12     8  0.009433408  0.012216420
   12    -8 -0.006162202  0.001118383
   12     9  0.003472338  0.014433740
   12    -9  0.009455897  0.004387813
   12    10  0.018035512  0.009547146
   12   -10  0.000742098 -0.000869170
   12    11  0.003874344 -0.000657629
   12   -11  0.002638145 -0.007641266
   12    12  0.006910334 -0.002165503
   12   -12 -0.007228802  0.002868104
   13     0 -0.003153625 -0.008753519
   13     1  0.001701836  0.007086486
   13    -1  0.000183116 -0.000416820
   13     2  0.002164586  0.006027912
   13    -2  0.002941778  0.005622409
   13     3  0.001018082  0.005704344
   13    -3 -0.007472570  0.002067055
   13     4  0.002407975  0.002345775
   13    -4  0.000794857  0.002370534
   13     5 -0.000149300  0.006418776
   13    -5 -0.006586362  0.003531379
   13     6 -0.005826948 -0.005890145
   13    -6  0.011602946 -0.001212533
   13     7 -0.001834143  0.000845666
   13    -7  0.005899839  0.003988478
   13     8  0.005152662 -0.001841248
   13    -8  0.006305207  0.003591477
   13     9  0.007608665 -0.003255084
   13    -9 -0.002633400 -0.009710061
   13    10 -0.001275044 -0.001491005
   13   -10 -0.008082256 -0.008618402
   13    11 -0.001358598 -0.010180366
   13   -11 -0.000398419  0.003596548
   13    12 -0.008314816 -0.006722178
   13   -12  0.001885604  0.003076349
   13    13  0.001991432  0.009306027
   13   -13 -0.011529665  0.005698424
   14     0  0.004059633 -0.005485444
   14     1 -0.003434588  0.001365904
   14    -1 -0.004788066 -0.002991921
   14     2 -0.006411198  0.006521726
   14    -2  0.007802923  0.008681436
   14     3  0.000553300  0.013594076
   14    -3  0.015058237 -0.013497822
   14     4  0.007529029 -0.001743513
   14    -4 -0.002018354 -0.006456613
   14     5 -0.000566919  0.000278386
   14    -5  0.000355622  0.006824993
   14     6 -0.001597541  0.005539219
   14    -6 -0.000406185 -0.005016607
   14     7  0.003666940  0.007013818
   14    -7  0.005673600 -0.002902439
   14     8  0.008654902  0.012631905
   14    -8  0.001787598 -0.005765850
   14     9  0.004407499  0.004375332
   14    -9 -0.010420735 -0.001935340
   14    10  0.011551797  0.002275451
   14   -10 -0.000954470 -0.000045588
   14    11  0.008832643  0.002955949
   14   -11 -0.006881179 -0.002326599
   14    12  0.003242561 -0.000163774
   14   -12 -0.000341446 -0.003570645
   14    13  0.004712602 -0.005547373
   14   -13  0.002024342 -0.003709279
   14    14  0.001922001 -0.000913159
   14   -14  0.000794867  0.003945186
   15     0 -0.003003632 -0.009345694
   15     1  0.003264861  0.005985370
   15    -1 -0.000739436 -0.001435023
   15     2 -0.001822469  0.007216525
   15    -2  0.005295924  0.006715679
   15     3  0.007661996  0.002473862
   15    -3 -0.006725684 -0.005318466
   15     4 -0.005960999  0.001405686
   15    -4  0.000022400  0.001433549
   15     5 -0.002230893  0.005100401
   15    -5  0.003576324  0.004330296
   15     6 -0.007157459  0.004666358
   15    -6  0.004874468 -0.002564215
   15     7 -0.002901268 -0.000361424
   15    -7 -0.003114530  0.003448376
   15     8  0.002664452  0.003308505
   15    -8 -0.001989708  0.002909664
   15     9 -0.002001874  0.004125460
   15    -9  0.002530255  0.002088526
   15    10  0.001153588  0.003367671
   15   -10  0.006415148 -0.008111133
   15    11  0.000703441 -0.011059005
   15   -11 -0.001646577 -0.001224214
   15    12 -0.006311239 -0.006107000
   15   -12 -0.003332284  0.006618643
   15    13 -0.002286343  0.005835751
   15   -13 -0.004902944  0.006685756
   15    14 -0.002279693 -0.001502403
   15   -14  0.000213928  0.003170542
   15    15  0.000839109  0.000157702
   15   -15 -0.002782334 -0.000285842
   16     0 -0.003729858  0.000469127
   16     1  0.001421709  0.002845058
   16    -1 -0.007596175 -0.006705814
   16     2  0.003611378 -0.001204843
   16    -2  0.000719961  0.011489583
   16     3  0.005144893  0.006513640
   16    -3  0.002163292 -0.001630138
   16     4  0.009827626  0.000499095
   16    -4 -0.001060366 -0.006535699
   16     5  0.001997747  0.001834745
   16    -5 -0.001233953  0.001309269
   16     6  0.003600767  0.002730499
   16    -6 -0.004558171 -0.004518669
   16     7  0.000188029  0.004859746
   16    -7 -0.005455447  0.000637119
   16     8 -0.003974679  0.001835470
   16    -8  0.005339347 -0.003941382
   16     9  0.003963302  0.003462540
   16    -9 -0.000282639 -0.004633598
   16    10  0.007343315  0.000445309
   16   -10 -0.000394195 -0.001990287
   16    11  0.001647157 -0.002120520
   16   -11 -0.008896191 -0.006701951
   16    12  0.005647875  0.001369124
   16   -12  0.001476152 -0.000745119
   16    13  0.010255844 -0.003113276
   16   -13 -0.007237475 -0.008720623
   16    14  0.006632130  0.000591190
   16   -14 -0.005204084  0.000550439
   16    15 -0.000174341 -0.003765821
   16   -15 -0.003163205 -0.006962297
   16    16  0.000818760 -0.003631877
   16   -16 -0.001384682 -0.002352332
   17     0  0.005515161 -0.005068635
   17     1  0.008212190 -0.004390722
   17    -1  0.002196269  0.000663954
   17     2 -0.004378127  0.003876750
   17    -2 -0.001344475  0.001051782
   17     3  0.004049394  0.004485440
   17    -3 -0.000935970 -0.006748536
   17     4  0.005765685 -0.003041415
   17    -4 -0.006462902 -0.002997293
   17     5  0.001859615 -0.001689736
   17    -5  0.000465862  0.003292351
   17     6  0.001552241  0.002109530
   17    -6  0.003958809  0.002657006
   17     7 -0.001265698  0.003539773
   17    -7  0.003713984 -0.001865257
   17     8  0.003284801 -0.002347099
   17    -8  0.004268427  0.001696723
   17     9 -0.003833563  0.001359609
   17    -9  0.001250181 -0.000286201
   17    10  0.000567986  0.003386891
   17   -10  0.005515124 -0.005158903
   17    11  0.005147897 -0.005667855
   17   -11 -0.006708746 -0.001123783
   17    12 -0.000206908  0.002532660
   17   -12 -0.010254014 -0.003237523
   17    13 -0.007230281  0.000644072
   17   -13 -0.007427222 -0.000552227
   17    14  0.001740493  0.000450013
   17   -14  0.000933961  0.004078945
   17    15 -0.001904622  0.002639928
   17   -15 -0.000951385  0.004075872
   17    16 -0.000664388  0.004901545
   17   -16  0.001679280  0.003568611
   17    17 -0.001854193  0.001000402
   17   -17  0.006439648 -0.001475514
   18     0 -0.001298469 -0.000909896
   18     1  0.002990084  0.004938426
   18    -1 -0.004202050 -0.001458458
   18     2 -0.002376224 -0.003016779
   18    -2  0.000453765  0.004367980
   18     3  0.002657070  0.001106729
   18    -3 -0.004352626  0.003235260
   18     4  0.000286776  0.002735836
   18    -4 -0.002338981 -0.003179904
   18     5 -0.000094311  0.004419188
   18    -5  0.000842905 -0.005272717
   18     6  0.004225512  0.000123266
   18    -6  0.000726339 -0.004172799
   18     7  0.001531347  0.000830935
   18    -7 -0.005094313 -0.000634265
   18     8 -0.006625175 -0.001436821
   18    -8 -0.000758286  0.001310476
   18     9  0.002811877  0.002936218
   18    -9 -0.002623080  0.001339505
   18    10  0.003812035  0.004286038
   18   -10  0.000153045 -0.001148013
   18    11  0.002508058  0.000965312
   18   -11 -0.003830723 -0.005399416
   18    12  0.000701129 -0.001673273
   18   -12 -0.003549859 -0.000257534
   18    13  0.004869698 -0.004004499
   18   -13 -0.004231534  0.000020823
   18    14 -0.003922236 -0.003069156
   18   -14 -0.007431453 -0.000711090
   18    15 -0.002182496  0.000387940
   18   -15 -0.000620711 -0.001859477
   18    16  0.001127313 -0.000914339
   18   -16 -0.005561562 -0.003567110
   18    17 -0.000528634 -0.002791797
   18   -17 -0.004964852  0.000088287
   18    18 -0.007579148  0.000369063
   18   -18  0.001266731  0.005948473
   19     0  0.002824843  0.007122720
   19     1  0.007674196 -0.005969913
   19    -1 -0.004208050 -0.002057193
   19     2 -0.001278598 -0.001898004
   19    -2 -0.005553280  0.010867902
   19     3 -0.002678368  0.002714523
   19    -3  0.003547440 -0.001524437
   19     4  0.004899899  0.000660294
   19    -4 -0.004663412 -0.003302882
   19     5  0.001075290 -0.002561427
   19    -5 -0.008493565 -0.001103065
   19     6  0.000057392  0.000072911
   19    -6 -0.002556883  0.006719660
   19     7 -0.001714665  0.006454659
   19    -7  0.002171363  0.001701235
   19     8  0.005350729 -0.000079986
   19    -8  0.006570105 -0.002769021
   19     9  0.002559876  0.000179708
   19    -9 -0.001152928 -0.000159608
   19    10 -0.005989590 -0.003135187
   19   -10  0.001304616  0.000416869
   19    11  0.003494156 -0.005132257
   19   -11 -0.002630716  0.003481674
   19    12 -0.001406204  0.000298040
   19   -12 -0.000574944 -0.001041700
   19    13 -0.004300203 -0.000450681
   19   -13 -0.005827623 -0.005207188
   19    14 -0.004482929 -0.003159767
   19   -14  0.000601644  0.004153793
   19    15 -0.003293790  0.003034089
   19   -15 -0.000566162  0.004843741
   19    16 -0.005908684  0.006123396
   19   -16  0.000930313  0.004548355
   19    17  0.000644908 -0.003556204
   19   -17  0.003135404 -0.001412290
   19    18  0.001912161  0.001585624
   19   -18 -0.000726287 -0.000061369
   19    19 -0.001447069 -0.001369718
   19   -19 -0.002801771  0.001888628
   20     0 -0.005363885  0.000180166
   20     1  0.004660187 -0.000748525
   20    -1 -0.000831513  0.003970784
   20     2 -0.003280663  0.007909258
   20    -2 -0.001501034  0.001369870
   20     3  0.002705955 -0.003251149
   20    -3 -0.002898137  0.002586723
   20     4  0.002056378 -0.003887970
   20    -4 -0.003883229  0.003906600
   20     5 -0.000151219  0.004612513
   20    -5  0.003912021 -0.004221490
   20     6  0.004767557  0.001703792
   20    -6  0.004409612 -0.006369220
   20     7  0.001168829  0.001021021
   20    -7 -0.003478025 -0.004133897
   20     8 -0.007352203 -0.003460614
   20    -8 -0.005428354  0.004440414
   20     9 -0.001315071  0.002839030
   20    -9 -0.002584309  0.000852452
   20    10  0.002946898  0.003351089
   20   -10  0.001982017  0.001620743
   20    11  0.000321337 -0.000537916
   20   -11 -0.002957828 -0.008296281
   20    12  0.000167776 -0.000565249
   20   -12  0.001081072 -0.003827359
   20    13  0.004242964 -0.003596580
   20   -13  0.001997299 -0.001180770
   20    14  0.002498518 -0.001277858
   20   -14 -0.003457227 -0.000070864
   20    15 -0.000401270 -0.002571164
   20   -15 -0.000259481 -0.002669587
   20    16  0.003738917 -0.003362117
   20   -16 -0.004769442 -0.001861192
   20    17 -0.000434946 -0.001504067
   20   -17 -0.004367095 -0.003347929
   20    18 -0.006421452 -0.002134601
   20   -18 -0.000632440  0.001620477
   20    19 -0.005255897  0.003982144
   20   -19 -0.000675181 -0.002252742
   20    20 -0.003345385  0.000574275
   20   -20  0.005768761 -0.001149219
   21     0 -0.001047763  0.006321166
   21     1  0.000029220  0.003027195
   21    -1 -0.003666942 -0.003755024
   21     2  0.004436864 -0.001931049
   21    -2 -0.003135635  0.008529438
   21     3 -0.000193223 -0.000334328
   21    -3 -0.003429302  0.001960484
   21     4  0.004768669 -0.002881393
   21    -4  0.001391999 -0.002924956
   21     5 -0.000374429  0.002555227
   21    -5 -0.005160754 -0.000981957
   21     6 -0.001350921  0.001814872
   21    -6 -0.002566108  0.003034349
   21     7 -0.003194933  0.004959053
   21    -7 -0.002683178  0.004771463
   21     8  0.005525083  0.001835983
   21    -8  0.000607254 -0.003826464
   21     9  0.000454615  0.000650089
   21    -9  0.000025473  0.002146291
   21    10 -0.005174092 -0.000990875
   21   -10  0.001939546 -0.001507370
   21    11 -0.001935746 -0.006926489
   21   -11  0.000271048  0.002435978
   21    12 -0.003369145 -0.000134685
   21   -12 -0.001761471  0.003934604
   21    13 -0.000152626  0.003580437
   21   -13 -0.004177814 -0.003845739
   21    14  0.000286532 -0.002004447
   21   -14 -0.003795908 -0.000003881
   21    15  0.001184100 -0.000640315
   21   -15 -0.000394851  0.002945125
   21    16 -0.004327698  0.004051926
   21   -16 -0.002024412  0.002869164
   21    17 -0.001121321  0.000948767
   21   -17  0.002845829 -0.002091377
   21    18  0.002622154  0.004841987
   21   -18  0.001897501 -0.002463497
   21    19  0.004511183  0.001411330
   21   -19 -0.001972611  0.000147454
   21    20 -0.000059117 -0.001404423
   21   -20 -0.001737685  0.001375333
   21    21  0.000523295  0.002625346
   21   -21  0.002117786  0.002415779
   22     0 -0.000139849  0.003683824
   22     1  0.002806058 -0.003987906
   22    -1  0.003195374  0.003179053
   22     2 -0.000698506  0.008907811
   22    -2  0.001043997  0.002910960
   22     3 -0.001167318  0.003588775
   22    -3 -0.003119758 -0.004494937
   22     4 -0.000688155 -0.004588451
   22    -4 -0.005598380  0.002024538
   22     5 -0.001041990  0.002133839
   22    -5  0.000293036  0.003643869
   22     6  0.004757797  0.000288979
   22    -6  0.000178216 -0.003732170
   22     7  0.001654607  0.001213885
   22    -7 -0.001383212 -0.004126840
   22     8 -0.003815538 -0.004383315
   22    -8 -0.006301251  0.002882592
   22     9 -0.003771086  0.002956643
   22    -9 -0.001026725  0.005094930
   22    10 -0.000672860  0.003415100
   22   -10 -0.000859621  0.005599376
   22    11  0.003087742  0.005307819
   22   -11 -0.003309642 -0.007333453
   22    12 -0.001090493 -0.000339997
   22   -12 -0.000735872 -0.002586984
   22    13  0.004958259 -0.001142267
   22   -13 -0.002865411  0.000756117
   22    14  0.002913929  0.001276263
   22   -14 -0.002897778 -0.000652655
   22    15  0.001070323 -0.003406175
   22   -15 -0.002992042 -0.003653830
   22    16  0.000563749 -0.005828425
   22   -16 -0.003465425 -0.000996333
   22    17 -0.001671620 -0.006153042
   22   -17 -0.004132115 -0.000343386
   22    18 -0.002787325 -0.002388790
   22   -18 -0.001861970  0.001677418
   22    19 -0.002928583 -0.000135989
   22   -19 -0.000204554  0.001502254
   22    20 -0.002008402 -0.000317503
   22   -20  0.005247540 -0.000515188
   22    21  0.001525391  0.001103253
   22   -21  0.000304943  0.001537540
   22    22 -0.003850004  0.001983069
   22   -22 -0.000932259  0.003037368
   23     0 -0.002861435 -0.000880548
   23     1 -0.005154131  0.003716028
   23    -1 -0.001867122  0.000185139
   23     2  0.002836250  0.003142801
   23    -2  0.001716481  0.001611799
   23     3  0.004814815 -0.004034658
   23    -3 -0.008936356  0.003460196
   23     4 -0.002197340 -0.005492774
   23    -4  0.002178321  0.004214625
   23     5  0.001015911  0.003035016
   23    -5  0.000902783  0.000744453
   23     6 -0.001162077  0.000697085
   23    -6  0.003083907 -0.002596742
   23     7 -0.000939221  0.003669265
   23    -7 -0.001959726  0.000144353
   23     8  0.003410568  0.002277379
   23    -8 -0.003365816 -0.002644560
   23     9  0.000036882  0.002589264
   23    -9 -0.002188731  0.002616626
   23    10 -0.000483881  0.000824506
   23   -10  0.001755110 -0.000691184
   23    11 -0.002214202 -0.004729819
   23   -11  0.005425759 -0.000240245
   23    12 -0.002748471  0.000579552
   23   -12  0.002249847  0.003861125
   23    13 -0.005010374  0.001142909
   23   -13 -0.002509711  0.001058995
   23    14 -0.001369677  0.002311192
   23   -14 -0.001380346  0.000220032
   23    15  0.000011978 -0.001543766
   23   -15  0.001376468 -0.001066398
   23    16 -0.003818498  0.000833090
   23   -16 -0.004345522 -0.000562570
   23    17 -0.005787741  0.001308123
   23   -17  0.001558358 -0.000494001
   23    18 -0.003257047  0.007108813
   23   -18  0.001083965 -0.000211947
   23    19  0.002623776  0.003935247
   23   -19  0.002215969 -0.003326147
   23    20  0.001481598 -0.000482838
   23   -20 -0.002815459  0.000837236
   23    21 -0.000229972  0.005206191
   23   -21  0.001244709 -0.000715674
   23    22  0.001074032 -0.001548058
   23   -22  0.000887031 -0.001322863
   23    23 -0.000763023 -0.002481453
   23   -23 -0.001322553  0.002143667
   24     0  0.000045428  0.002914789
   24     1  0.003557413 -0.001860178
   24    -1 -0.001050510 -0.000444825
   24     2  0.000542099  0.000871584
   24    -2 -0.002587230  0.003618935
   24     3 -0.001738521 -0.000270785
   24    -3 -0.002836543 -0.003619973
   24     4 -0.000265222 -0.002451723
   24    -4 -0.001552472 -0.000687624
   24     5 -0.000861988  0.001780705
   24    -5 -0.002999702  0.004045247
   24     6 -0.000205553  0.001616706
   24    -6 -0.002623125  0.001090693
   24     7 -0.002813672 -0.000117898
   24    -7 -0.000891371 -0.001803523
   24     8 -0.002703734 -0.002068644
   24    -8 -0.000493960  0.000111075
   24     9 -0.003464435  0.003887267
   24    -9  0.003835330  0.000497647
   24    10 -0.003206612  0.004676337
   24   -10 -0.004466347  0.002463587
   24    11 -0.001423848  0.004576579
   24   -11 -0.004466823 -0.001143632
   24    12  0.000467418  0.000551672
   24   -12 -0.000732672 -0.003097605
   24    13  0.004935274 -0.000902685
   24   -13 -0.003922087 -0.002224929
   24    14 -0.000785658  0.000678169
   24   -14 -0.001647084 -0.002311320
   24    15 -0.001915938  0.000418594
   24   -15 -0.000534288 -0.003546907
   24    16 -0.002788737 -0.003633503
   24   -16 -0.002495064  0.000730580
   24    17 -0.001028495 -0.001207534
   24   -17 -0.003201248  0.000580509
   24    18 -0.000054107 -0.004186811
   24   -18 -0.000356649  0.006228548
   24    19  0.000183633 -0.002232639
   24   -19 -0.003337927  0.004173598
   24    20 -0.005083629 -0.000443587
   24   -20  0.005030605  0.003372188
   24    21 -0.001417409 -0.002261657
   24   -21  0.001942821  0.003362007
   24    22 -0.002489840  0.002414878
   24   -22 -0.000345020  0.002372044
   24    23 -0.001131505 -0.001382354
   24   -23 -0.000854030 -0.004268332
   24    24 -0.002979743 -0.002710324
   24   -24  0.000793250 -0.003194827
   25     0 -0.001809484 -0.002937492
   25     1 -0.004321651 -0.000246397
   25    -1 -0.001307468  0.002490406
   25     2  0.001860982  0.004942097
   25    -2  0.000284739 -0.001344033
   25     3  0.004692780 -0.004437217
   25    -3 -0.004825918  0.000392507
   25     4  0.000140900 -0.004325816
   25    -4 -0.000865484  0.006510223
   25     5  0.002622514  0.001162627
   25    -5  0.003581950  0.003529225
   25     6  0.000544651 -0.000700765
   25    -6  0.005908628 -0.004028715
   25     7  0.000083131 -0.000924785
   25    -7 -0.001465262 -0.000957791
   25     8  0.001337701 -0.000215395
   25    -8 -0.003386883 -0.003126852
   25     9 -0.004330177  0.003727529
   25    -9 -0.002848128  0.002921758
   25    10 -0.002144280  0.000344470
   25   -10 -0.003499923 -0.000871727
   25    11 -0.001147921 -0.001548754
   25   -11  0.003090659 -0.001943274
   25    12  0.001596668 -0.000637339
   25   -12  0.001935012  0.001017777
   25    13 -0.001651494  0.000417670
   25   -13  0.000117281  0.000367853
   25    14 -0.000508464 -0.000849974
   25   -14  0.003531910  0.003467097
   25    15  0.003085130 -0.002466727
   25   -15  0.001579056  0.001177205
   25    16  0.000499080  0.000096417
   25   -16 -0.000985367 -0.000988492
   25    17 -0.002411711 -0.005004143
   25   -17 -0.002901106 -0.000322109
   25    18 -0.002033182  0.002117809
   25   -18  0.000223399 -0.002315221
   25    19 -0.000662068  0.000871161
   25   -19 -0.000845335 -0.003687014
   25    20 -0.001011867  0.001538267
   25   -20 -0.002227784 -0.001287768
   25    21 -0.002341183  0.004473204
   25   -21 -0.000004658 -0.001989111
   25    22  0.001689028  0.000025887
   25   -22 -0.001080014 -0.000770928
   25    23  0.002623758 -0.002112608
   25   -23  0.000458480  0.000289568
   25    24  0.000672917  0.002258022
   25   -24  0.000797657 -0.000049753
   25    25 -0.003216917  0.001169000
   25   -25  0.002019103  0.003789567
   26     0 -0.000810781 -0.000953029
   26     1  0.001039466  0.003574887
   26    -1 -0.002984829 -0.002044231
   26     2  0.001849530 -0.000965692
   26    -2  0.000586837  0.001718437
   26     3  0.000294582 -0.002371413
   26    -3 -0.001645505  0.002212388
   26     4 -0.000925018 -0.000470265
   26    -4  0.001261430  0.000262441
   26     5  0.001099673  0.002889674
   26    -5  0.001363325 -0.002057342
   26     6 -0.001652380 -0.000928465
   26    -6 -0.002518029 -0.002161938
   26     7 -0.003510512  0.003499498
   26    -7 -0.001983365  0.000590891
   26     8 -0.004363010 -0.000583632
   26    -8 -0.001462539  0.001954405
   26     9  0.001075109  0.003297898
   26    -9  0.003542189 -0.000510448
   26    10  0.001144416  0.001574761
   26   -10 -0.002679890 -0.002428064
   26    11 -0.002738528  0.003468689
   26   -11 -0.002909311 -0.002176518
   26    12 -0.004646047  0.000807908
   26   -12 -0.000139302 -0.003081849
   26    13  0.001102316  0.001686784
   26   -13 -0.002902382 -0.003124056
   26    14  0.001313755  0.000152913
   26   -14 -0.001899865 -0.001666043
   26    15  0.001560585  0.000235086
   26   -15 -0.000293187 -0.002303569
   26    16  0.000335348 -0.001720984
   26   -16 -0.004900296 -0.000821331
   26    17 -0.002600680 -0.002895652
   26   -17 -0.002312339 -0.000046371
   26    18  0.000180350 -0.000700237
   26   -18 -0.000948907  0.003790846
   26    19 -0.001765574 -0.001224094
   26   -19 -0.001194120  0.002344232
   26    20 -0.002777826 -0.000928475
   26   -20  0.000997044  0.005291937
   26    21 -0.000159444  0.001722078
   26   -21  0.001074633  0.004764329
   26    22 -0.004127582  0.000594644
   26   -22  0.001828820  0.002029187
   26    23  0.000627548  0.000083110
   26   -23  0.001559219 -0.000859826
   26    24 -0.003389411  0.000210187
   26   -24  0.001020242 -0.000278596
   26    25  0.000612253  0.000877953
   26   -25  0.001576360  0.001195699
   26    26 -0.000883260 -0.000499102
   26   -26  0.000741921  0.000178217
   27     0 -0.000024527  0.000657445
   27     1 -0.003157241 -0.003013692
   27    -1  0.000083516  0.001674949
   27     2  0.001969306 -0.001045149
   27    -2 -0.001315854 -0.000021994
   27     3  0.001481110 -0.002562808
   27    -3 -0.003102129 -0.000338220
   27     4  0.002582973 -0.002121833
   27    -4 -0.001510309  0.001282871
   27     5  0.000115889 -0.001032728
   27    -5  0.001853452  0.005718401
   27     6 -0.000245653 -0.000228362
   27    -6  0.003724083  0.002995217
   27     7  0.002232017 -0.003043994
   27    -7  0.000131689  0.000313431
   27     8  0.000310708 -0.003048844
   27    -8 -0.000393868 -0.003082085
   27     9 -0.004225169 -0.000875557
   27    -9  0.000381958  0.001839410
   27    10 -0.000216735  0.003490558
   27   -10 -0.002812569  0.000046420
   27    11 -0.003713453  0.001763807
   27   -11  0.004332870 -0.002827241
   27    12  0.001645225 -0.000254591
   27   -12  0.000203753  0.000538669
   27    13 -0.002203072  0.004154225
   27   -13 -0.003107475  0.002733808
   27    14 -0.000345022  0.000009636
   27   -14  0.003395117  0.003266053
   27    15  0.003204900 -0.000926787
   27   -15  0.000503863  0.001745546
   27    16 -0.001354701  0.000647876
   27   -16 -0.002898163  0.000371713
   27    17 -0.002130485 -0.005212611
   27   -17  0.000606872  0.000081681
   27    18 -0.001852929 -0.001805238
   27   -18  0.000491664 -0.000070194
   27    19 -0.001987954 -0.000157680
   27   -19  0.000412967 -0.001716521
   27    20 -0.003010141  0.000458124
   27   -20  0.002193293  0.001595483
   27    21 -0.001505712  0.002686847
   27   -21  0.002011499 -0.002309994
   27    22  0.001909448  0.001532388
   27   -22  0.000545535 -0.002073345
   27    23 -0.000323158 -0.000896785
   27   -23 -0.001882915 -0.001734465
   27    24  0.000946419  0.001010868
   27   -24 -0.003657540  0.001192476
   27    25 -0.002772221 -0.001094368
   27   -25 -0.001830886  0.000862661
   27    26  0.001461209 -0.001959855
   27   -26 -0.001080857  0.001846005
   27    27  0.002889911 -0.000935363
   27   -27 -0.002586822  0.001937724
   28     0 -0.000103328 -0.004697473
   28     1 -0.000755281  0.000122583
   28    -1 -0.001963735  0.000428031
   28     2  0.000062872  0.000519080
   28    -2  0.004509760  0.002689150
   28     3  0.006275189 -0.000253274
   28    -3  0.000596497  0.000247339
   28     4  0.002016091 -0.000727657
   28    -4  0.002694100  0.001395151
   28     5  0.000256653  0.004607223
   28    -5  0.000741395 -0.001824938
   28     6  0.000266940 -0.003710808
   28    -6  0.000144069 -0.005324861
   28     7 -0.002223290  0.002426490
   28    -7  0.000655958  0.000146543
   28     8 -0.006928027  0.002778179
   28    -8 -0.002570441  0.000123371
   28     9 -0.001163210  0.003488710
   28    -9  0.003286489 -0.000334612
   28    10  0.001065479  0.002237884
   28   -10 -0.005212396 -0.003380345
   28    11 -0.002189954  0.000096084
   28   -11 -0.002507303 -0.003511999
   28    12 -0.003966929 -0.001363381
   28   -12  0.001524523 -0.003486580
   28    13 -0.001956086  0.002300464
   28   -13 -0.001114424 -0.002808952
   28    14 -0.002794614 -0.001567275
   28   -14 -0.000126319  0.000079674
   28    15  0.001556789  0.000974778
   28   -15  0.000261717 -0.001543189
   28    16 -0.000728372 -0.000394458
   28   -16 -0.005026632 -0.001962627
   28    17 -0.002965016 -0.000980619
   28   -17 -0.000748026 -0.002250135
   28    18 -0.001685742 -0.002371517
   28   -18  0.001368510  0.000090378
   28    19 -0.002533137 -0.000859174
   28   -19  0.000899819  0.001436655
   28    20  0.001471471 -0.001701092
   28   -20  0.000259810  0.003674478
   28    21  0.000985026  0.000002645
   28   -21 -0.001449355  0.004038650
   28    22  0.000674270 -0.000951797
   28   -22 -0.000684506  0.003025945
   28    23  0.001545337 -0.001943100
   28   -23  0.000611664  0.002001951
   28    24  0.000015917  0.001447505
   28   -24 -0.000939904  0.001156943
   28    25  0.000020550  0.001123911
   28   -25  0.002055343  0.001592790
   28    26 -0.000104275  0.000470981
   28   -26  0.002040652 -0.001263147
   28    27  0.002484684  0.000022529
   28   -27  0.000999894  0.002764909
   28    28  0.002064020 -0.000380114
   28   -28  0.002828391 -0.000870249
   29     0  0.001648240  0.001998539
   29     1 -0.001022518 -0.001521109
   29    -1 -0.000888225 -0.001306812
   29     2 -0.002086173 -0.002584366
   29    -2 -0.000569287  0.001534938
   29     3 -0.001529386 -0.002058681
   29    -3 -0.004111486  0.002545709
   29     4  0.001346953 -0.000174949
   29    -4  0.001409754 -0.000483085
   29     5  0.000639074 -0.003516243
   29    -5 -0.002770727  0.000869644
   29     6 -0.005183850 -0.001246010
   29    -6  0.001408501  0.005897980
   29     7 -0.000884612  0.000851446
   29    -7  0.003768188  0.001823680
   29     8  0.001989879 -0.004761800
   29    -8  0.001208106 -0.003314366
   29     9 -0.001639465 -0.001189659
   29    -9  0.002647162  0.002952929
   29    10  0.001362552  0.003363637
   29   -10 -0.001022053  0.000592595
   29    11 -0.002917028  0.003118376
   29   -11  0.003470880 -0.003744922
   29    12  0.001456677  0.000268185
   29   -12  0.000619169 -0.000880151
   29    13  0.000738435  0.003818241
   29   -13 -0.003880811  0.001061012
   29    14 -0.000150062  0.000982091
   29   -14  0.001271310 -0.000777731
   29    15  0.003293979 -0.001735361
   29   -15  0.001810551  0.001475544
   29    16 -0.003536544  0.001234168
   29   -16 -0.001269774  0.002431496
   29    17 -0.002803544 -0.003077353
   29   -17  0.002377547  0.000663881
   29    18 -0.001535823 -0.001041082
   29   -18  0.001375908  0.000011000
   29    19 -0.001438528 -0.000230594
   29   -19  0.000151346 -0.001814359
   29    20 -0.000501066 -0.000451788
   29   -20  0.001236398  0.001101191
   29    21 -0.000333001  0.000941127
   29   -21  0.002217525 -0.001619032
   29    22  0.000247760  0.001305358
   29   -22  0.001315373 -0.001925755
   29    23 -0.000359999 -0.001029248
   29   -23 -0.000105568 -0.004323581
   29    24 -0.000533613  0.001288297
   29   -24  0.001497910 -0.001129768
   29    25 -0.000973313 -0.000288725
   29   -25 -0.000969474 -0.000232636
   29    26 -0.000913120 -0.001664837
   29   -26 -0.000600713  0.000496569
   29    27  0.000982557 -0.000751102
   29   -27 -0.001072307 -0.000064054
   29    28 -0.002639996  0.001356975
   29   -28 -0.001764048 -0.000336078
   29    29  0.001572952  0.005037286
   29   -29 -0.002582385  0.003686292
   30     0  0.001625437  0.000080239
   30     1 -0.000052236 -0.002037053
   30    -1  0.001897982  0.000118403
   30     2  0.000331241  0.001323586
   30    -2  0.003255192  0.002491263
   30     3  0.009591363  0.002632532
   30    -3  0.000327194 -0.003995111
   30     4  0.005239226 -0.001933855
   30    -4 -0.001330010 -0.002215393
   30     5  0.000675975  0.004233830
   30    -5 -0.002934654 -0.001285044
   30     6  0.002155864 -0.004056975
   30    -6  0.001511404 -0.005588801
   30     7 -0.000483148 -0.000576515
   30    -7  0.001686792 -0.000018884
   30     8 -0.002946097  0.001438452
   30    -8 -0.003652581 -0.000003045
   30     9 -0.001646553  0.000300000
   30    -9  0.000510727 -0.001807457
   30    10  0.000253265  0.001428783
   30   -10 -0.002341855 -0.002519961
   30    11 -0.001697394  0.000356034
   30   -11 -0.000957774 -0.001599495
   30    12 -0.000719711 -0.002868608
   30   -12  0.000777520 -0.001859369
   30    13  0.001347436  0.002511504
   30   -13  0.001118259 -0.000745532
   30    14 -0.001754423 -0.001310392
   30   -14  0.002250165 -0.001889053
   30    15  0.000885437  0.000885428
   30   -15  0.004630228  0.000130564
   30    16  0.001505574 -0.001386470
   30   -16 -0.001578614 -0.000077030
   30    17  0.000501302 -0.000654120
   30   -17 -0.000720780 -0.001570244
   30    18 -0.001308672 -0.002626590
   30   -18 -0.002015932 -0.000323805
   30    19 -0.002264315 -0.001064950
   30   -19 -0.000087184  0.003616295
   30    20 -0.001729018  0.000373766
   30   -20  0.000508247  0.001185225
   30    21 -0.000137838  0.001006271
   30   -21  0.001115150  0.003277522
   30    22  0.000873413 -0.001506597
   30   -22 -0.002997948  0.001615419
   30    23  0.000574491 -0.001215157
   30   -23  0.000061831  0.003948400
   30    24  0.000571488  0.000239794
   30   -24 -0.004386207  0.001334460
   30    25 -0.002840962  0.001315167
   30   -25  0.001841388  0.001655680
   30    26  0.002645180  0.002115229
   30   -26 -0.000096718 -0.000133733
   30    27  0.000082219  0.000867126
   30   -27  0.001809269 -0.000131582
   30    28  0.004549634 -0.000634463
   30   -28  0.001568797 -0.001034283
   30    29  0.001404489  0.001321865
   30   -29 -0.001740577  0.000714028
   30    30  0.002735422  0.004794593
   30   -30  0.000463128  0.007436139
   31     0  0.000385544  0.002382348
   31     1  0.000644956  0.001389323
   31    -1  0.000499255 -0.000325856
   31     2 -0.002224600 -0.001589751
   31    -2 -0.001410198  0.001813988
   31     3 -0.001206572 -0.000251170
   31    -3 -0.001357671  0.003625537
   31     4 -0.001439912 -0.000866660
   31    -4  0.001156406 -0.000593817
   31     5  0.001514674 -0.001254759
   31    -5 -0.000999651 -0.000991594
   31     6 -0.002828343 -0.001851856
   31    -6  0.002041302  0.003182253
   31     7 -0.001992924  0.002779113
   31    -7  0.004125105  0.002191223
   31     8  0.002527541 -0.000568290
   31    -8  0.002048256 -0.002002550
   31     9  0.002247646 -0.002407255
   31    -9  0.000482608  0.002130663
   31    10  0.003687123  0.000531936
   31   -10  0.000022389  0.001373074
   31    11 -0.002378579  0.003518225
   31   -11 -0.000291165 -0.002070833
   31    12 -0.001350391 -0.000119962
   31   -12 -0.000300086 -0.004198130
   31    13  0.000161666  0.000301283
   31   -13 -0.002406356  0.002212042
   31    14 -0.000020012 -0.000078864
   31   -14 -0.002162756  0.001088440
   31    15  0.001267019  0.000683498
   31   -15 -0.000326779 -0.000302413
   31    16  0.000080342  0.001652271
   31   -16 -0.000487036  0.000188634
   31    17 -0.000535884 -0.001293392
   31   -17  0.003492862  0.001749698
   31    18 -0.000577892 -0.001363705
   31   -18  0.001111299  0.000807516
   31    19  0.001707751 -0.000102201
   31   -19  0.001392623 -0.000503054
   31    20  0.000158156 -0.002551405
   31   -20  0.000772862  0.001469902
   31    21 -0.000021388  0.000861415
   31   -21  0.001006034 -0.001033321
   31    22 -0.002337593  0.001424798
   31   -22 -0.000168042 -0.001358887
   31    23 -0.000190117  0.000109324
   31   -23  0.001541709  0.000397471
   31    24 -0.000266292  0.000181528
   31   -24  0.001377347 -0.000591401
   31    25  0.000812780 -0.000135592
   31   -25  0.000633352 -0.001832579
   31    26  0.000138268 -0.000688108
   31   -26 -0.001240407 -0.000050689
   31    27 -0.000044246 -0.001171133
   31   -27 -0.000582594 -0.000390416
   31    28 -0.002003378  0.001635252
   31   -28 -0.000856639 -0.000164530
   31    29  0.002780722  0.000991077
   31   -29  0.000913260  0.003817294
   31    30  0.000860946 -0.002807218
   31   -30  0.001934952 -0.000825986
   31    31 -0.003678667 -0.003057581
   31   -31  0.004479316  0.001724436
   32     0  0.002391740  0.001131725
   32     1  0.000855338  0.001171749
   32    -1  0.000830548  0.001286390
   32     2  0.000612484  0.000062079
   32    -2  0.000435831  0.001275199
   32     3  0.005255499  0.002257579
   32    -3  0.000304490 -0.002511706
   32     4  0.003078101 -0.003292224
   32    -4 -0.000648235 -0.003030547
   32     5  0.000200841  0.002151240
   32    -5 -0.004071360 -0.000545493
   32     6 -0.000469574 -0.002245926
   32    -6  0.001592602 -0.002803413
   32     7 -0.000334627 -0.000615539
   32    -7  0.001272542  0.001254439
   32     8 -0.001354205  0.001302634
   32    -8 -0.003899505  0.000274819
   32     9 -0.001892364  0.000322498
   32    -9 -0.001593330 -0.001089738
   32    10  0.000037763  0.001338573
   32   -10 -0.001584546  0.000080598
   32    11 -0.003317469  0.001255519
   32   -11 -0.000419167  0.001275914
   32    12  0.000688200 -0.002310342
   32   -12  0.002630867 -0.003243845
   32    13  0.000793247 -0.000279480
   32   -13  0.000971058 -0.001370589
   32    14 -0.001203074 -0.000050686
   32   -14  0.000148490 -0.000550030
   32    15 -0.000056488  0.000500947
   32   -15  0.002894048  0.001753583
   32    16  0.000009699 -0.000041620
   32   -16 -0.001246259  0.000368327
   32    17  0.001431335  0.000169889
   32   -17 -0.001187511 -0.000063456
   32    18  0.001427900 -0.001624403
   32   -18 -0.002516008 -0.000879148
   32    19 -0.002131666 -0.000196438
   32   -19 -0.001080541  0.001439782
   32    20 -0.000142803 -0.000779178
   32   -20  0.000233404 -0.000614392
   32    21 -0.002193278  0.001011856
   32   -21  0.002113568  0.001675781
   32    22 -0.000054823 -0.002363114
   32   -22  0.000208369  0.002801552
   32    23  0.000940845  0.001043112
   32   -23  0.000263928  0.004084820
   32    24 -0.000430347  0.000258723
   32   -24 -0.002564090  0.000825802
   32    25 -0.002723217  0.000994034
   32   -25  0.000812738  0.000455516
   32    26 -0.000630792  0.002465663
   32   -26  0.001152884 -0.001579295
   32    27 -0.000337951 -0.000538156
   32   -27  0.000267410  0.000820780
   32    28  0.001836971  0.001339098
   32   -28 -0.000217674 -0.001451423
   32    29  0.001486691 -0.000372720
   32   -29 -0.000841740  0.000826958
   32    30  0.000776548 -0.000660355
   32   -30  0.002024054  0.004321368
   32    31  0.000025896 -0.001200161
   32   -31  0.003273820 -0.001524343
   32    32  0.000884994 -0.002777138
   32   -32  0.001697885  0.003890448
