# Estimated on 21-Dec-2023 20:32:17      
# Reference: Grayver, A., Finlay, C. C., & Olsen, N. (2024). Magnetic signals from oceanic tides: new sat-ellite observations and applications. 
# Philosophical Transactions of the Royal Society of London, doi: 10.1098/rsta.2024.0078. Preprint arXiv:2404.03504 
# Estimated intercept 0                                                       
# Phase given with respect to the Greenwich meridian                          
# First data line: N_max T (in hours)                                         
# Subsequent data lines: degree n   order m   a_n^m/b_n^m   c_n^m/d_n^m       
# where m >= 0 correspond to the cosine time dependent terms a_n^m resp c_n^m,
# and m < 0 correspond to the sine time dependent terms b_n^m resp d_n^m.     
   14 12.6583                                                                 
    1     0  0.010827665  0.015208551
    1     1  0.000154774  0.012707212
    1    -1  0.006192578 -0.001084741
    2     0 -0.005206782  0.006639667
    2     1 -0.001931693 -0.002742471
    2    -1  0.004506564 -0.000664000
    2     2  0.003697500 -0.001402434
    2    -2 -0.007923949 -0.007834296
    3     0  0.002210851 -0.002063225
    3     1 -0.004345941 -0.003182064
    3    -1  0.000038877  0.000043039
    3     2 -0.000058073 -0.006281696
    3    -2 -0.007283589 -0.015679793
    3     3  0.005247396 -0.009045310
    3    -3  0.012617505  0.001374362
    4     0  0.002833846  0.002668784
    4     1 -0.000416739 -0.008329577
    4    -1 -0.011124781 -0.015270593
    4     2  0.002889043 -0.008432715
    4    -2  0.007410008  0.006467949
    4     3 -0.018060524  0.008155920
    4    -3 -0.010314285  0.003762484
    4     4 -0.009344300  0.006806561
    4    -4  0.007215657  0.001595320
    5     0  0.010083862  0.006022934
    5     1 -0.004221792  0.001303145
    5    -1  0.005195820  0.001625024
    5     2  0.001429076  0.019643369
    5    -2  0.014507963 -0.007730552
    5     3  0.010081495 -0.009318347
    5    -3  0.011451464 -0.007576381
    5     4  0.008867188 -0.006538885
    5    -4 -0.004807863 -0.008844487
    5     5 -0.000063007 -0.003142283
    5    -5 -0.000794530 -0.004114392
    6     0 -0.004841871 -0.008881286
    6     1  0.015888851  0.000446502
    6    -1  0.004458443  0.007330598
    6     2  0.005155027 -0.006399774
    6    -2 -0.000074194  0.004146099
    6     3  0.007984117 -0.009396446
    6    -3 -0.007119414  0.002096147
    6     4 -0.008533293  0.001316621
    6    -4  0.005371416  0.016177760
    6     5 -0.002281199  0.014100736
    6    -5  0.004219726  0.004544733
    6     6  0.004342439  0.008166030
    6    -6  0.000484164  0.002380100
    7     0  0.006741279  0.010232454
    7     1  0.009975944  0.000402654
    7    -1 -0.007238740 -0.003520829
    7     2  0.009594665 -0.003287215
    7    -2 -0.004826546  0.003832656
    7     3 -0.010032994  0.005001785
    7    -3 -0.003297576 -0.000914947
    7     4 -0.007105840  0.003189758
    7    -4  0.007880779  0.000355844
    7     5 -0.000038502 -0.006019594
    7    -5 -0.002054031 -0.005470783
    7     6 -0.010202723 -0.006479239
    7    -6  0.012805422  0.000194574
    7     7  0.007307452 -0.006432658
    7    -7 -0.001651028 -0.000418109
    8     0 -0.000049792  0.001301875
    8     1 -0.004001030  0.004310695
    8    -1  0.006348394 -0.001224277
    8     2  0.009685152  0.004660522
    8    -2 -0.007399983 -0.007198970
    8     3 -0.000489372 -0.004201027
    8    -3 -0.004870583 -0.000033216
    8     4  0.001220068 -0.000423160
    8    -4  0.002724307  0.001814204
    8     5  0.004701004 -0.003839385
    8    -5  0.007158520  0.001134994
    8     6  0.005950882  0.001174594
    8    -6  0.000394342  0.006478361
    8     7 -0.003778704  0.004674530
    8    -7  0.002403124  0.002059071
    8     8  0.002888317  0.000464291
    8    -8  0.002903890 -0.003570637
    9     0 -0.000251846  0.000259930
    9     1  0.003627069 -0.001219103
    9    -1 -0.004232003  0.000063084
    9     2  0.010400303  0.002529092
    9    -2  0.004536012 -0.004461072
    9     3  0.001304598  0.001466734
    9    -3 -0.004798894  0.002278013
    9     4 -0.001893348 -0.001458371
    9    -4  0.000683523 -0.000052941
    9     5  0.003403432 -0.000280017
    9    -5  0.002542071  0.000263696
    9     6 -0.001257344 -0.001172070
    9    -6  0.000302502 -0.000109070
    9     7  0.004651590 -0.001087564
    9    -7 -0.002240071 -0.002870819
    9     8 -0.001644129 -0.000652504
    9    -8 -0.002083747  0.002516091
    9     9  0.001868048 -0.002431466
    9    -9  0.001607469 -0.000210457
   10     0  0.005089466 -0.002877873
   10     1 -0.000400657  0.002164110
   10    -1 -0.000274855  0.003440963
   10     2  0.003501798  0.000850533
   10    -2  0.002614943 -0.005706503
   10     3 -0.001356584 -0.004031513
   10    -3 -0.007332657  0.000898324
   10     4 -0.007990219 -0.000402479
   10    -4 -0.004344648  0.008573113
   10     5 -0.001438690  0.001081913
   10    -5  0.000746090  0.001588003
   10     6  0.001454997  0.000627664
   10    -6  0.001776916  0.001766395
   10     7  0.002160053  0.003262883
   10    -7 -0.000109280  0.001171078
   10     8  0.001283038  0.003678558
   10    -8  0.000155962  0.001818039
   10     9 -0.002197571  0.001856876
   10    -9  0.001909598 -0.001576614
   10    10  0.000742966 -0.000380113
   10   -10 -0.000970228 -0.001090374
   11     0  0.000114824  0.001329481
   11     1  0.002264924 -0.005274068
   11    -1 -0.005295887 -0.000936165
   11     2  0.004750694  0.001582386
   11    -2  0.001840118 -0.002377679
   11     3  0.000963523 -0.000424801
   11    -3 -0.002013071 -0.001499554
   11     4 -0.000051594 -0.000123263
   11    -4 -0.002056924  0.000776132
   11     5 -0.002781137  0.000960694
   11    -5 -0.000680150  0.001743251
   11     6 -0.004110208 -0.000760698
   11    -6  0.000851507  0.000293810
   11     7 -0.000243255  0.000357278
   11    -7  0.000329976 -0.001659989
   11     8  0.000402097  0.001076197
   11    -8 -0.000722099 -0.003121659
   11     9 -0.002493543 -0.003770371
   11    -9 -0.003174299  0.001707625
   11    10 -0.000661855 -0.000167999
   11   -10  0.000818323 -0.002152859
   11    11  0.002514063  0.000057081
   11   -11 -0.002057684  0.005925812
   12     0  0.002401847 -0.000476601
   12     1 -0.000222926  0.001844851
   12    -1 -0.002267175  0.002041115
   12     2  0.002940595  0.005857166
   12    -2  0.002354985 -0.003716898
   12     3 -0.001038119 -0.004213687
   12    -3 -0.004117034 -0.002682253
   12     4 -0.004104209 -0.001723324
   12    -4 -0.004195362  0.006465220
   12     5 -0.003679526  0.001408209
   12    -5  0.002816634  0.001491676
   12     6  0.000856735  0.001469295
   12    -6  0.002355749  0.000736917
   12     7  0.002199594  0.001055012
   12    -7  0.000398277  0.001837876
   12     8 -0.000495853  0.000448628
   12    -8 -0.002099784  0.000767680
   12     9  0.000585922  0.002153359
   12    -9  0.002346263 -0.000726874
   12    10  0.004892107  0.000611779
   12   -10 -0.000963412  0.000078707
   12    11  0.001889507 -0.001434694
   12   -11  0.002394097  0.001978651
   12    12 -0.001850704  0.001758061
   12   -12 -0.001596009 -0.001068052
   13     0 -0.002007245 -0.000326775
   13     1  0.001333730 -0.001767857
   13    -1 -0.002010532 -0.000128797
   13     2  0.004155832  0.000224203
   13    -2 -0.000432263 -0.000568202
   13     3  0.000487940 -0.000357893
   13    -3 -0.001734965  0.000936740
   13     4  0.000421850 -0.001246880
   13    -4 -0.000653698 -0.000910025
   13     5 -0.000295319  0.003160094
   13    -5 -0.000756871  0.001256630
   13     6 -0.002710447 -0.001119850
   13    -6  0.002722911 -0.001957163
   13     7 -0.000213200 -0.002122309
   13    -7 -0.000031637  0.000989170
   13     8  0.001357871 -0.001753744
   13    -8  0.000523739  0.001764254
   13     9  0.001341957 -0.001903131
   13    -9 -0.001137512 -0.002047619
   13    10  0.000507016  0.000433761
   13   -10 -0.003065621 -0.002036098
   13    11 -0.000634850 -0.000552382
   13   -11  0.001326610  0.002549588
   13    12  0.003426331 -0.002322951
   13   -12  0.001104092  0.003657525
   13    13  0.001346491 -0.002491649
   13   -13  0.006491679  0.005420013
   14     0  0.000592217 -0.001387192
   14     1  0.000579704  0.000795977
   14    -1 -0.001339134  0.001668306
   14     2  0.000045342  0.003322677
   14    -2  0.002176505 -0.003869003
   14     3 -0.002649512 -0.000710696
   14    -3 -0.001909811 -0.002947257
   14     4 -0.002897375 -0.001594544
   14    -4  0.000237470  0.004133151
   14     5 -0.002020783  0.000144033
   14    -5  0.002889301  0.000771619
   14     6 -0.000473235  0.000087278
   14    -6  0.000553723 -0.001557700
   14     7  0.000150115  0.001351202
   14    -7  0.000061941 -0.001936039
   14     8  0.001248980  0.001423564
   14    -8 -0.000268200 -0.001659079
   14     9  0.001107601 -0.000951360
   14    -9 -0.000240180 -0.000543332
   14    10  0.001678086  0.001361093
   14   -10 -0.001389588  0.000723276
   14    11  0.000811825 -0.002615686
   14   -11 -0.001663903  0.000908957
   14    12  0.002511026 -0.001188076
   14   -12  0.001343001 -0.002780646
   14    13 -0.000949092 -0.001003066
   14   -13  0.000663982 -0.000956112
   14    14  0.000486799 -0.003439807
   14   -14  0.002932983  0.003577310
