# Estimated on 21-Dec-2023 18:52:06      
# Reference: Grayver, A., Finlay, C. C., & Olsen, N. (2024). Magnetic signals from oceanic tides: new sat-ellite observations and applications. 
# Philosophical Transactions of the Royal Society of London, doi: 10.1098/rsta.2024.0078. Preprint arXiv:2404.03504 
# Estimated intercept 0                                                       
# Phase given with respect to the Greenwich meridian                          
# First data line: N_max T (in hours)                                         
# Subsequent data lines: degree n   order m   a_n^m/b_n^m   c_n^m/d_n^m       
# where m >= 0 correspond to the cosine time dependent terms a_n^m resp c_n^m,
# and m < 0 correspond to the sine time dependent terms b_n^m resp d_n^m.     
   14 25.8193                                                                 
    1     0  0.018004076 -0.008944439
    1     1  0.006649747 -0.006610230
    1    -1 -0.000617045  0.010110694
    2     0  0.005977219  0.019104077
    2     1 -0.023029132  0.007461999
    2    -1  0.004506708  0.011576165
    2     2 -0.000823370 -0.011747345
    2    -2 -0.002055126 -0.010332497
    3     0 -0.008236062  0.005974504
    3     1 -0.009587229 -0.022870721
    3    -1 -0.032338459  0.013150286
    3     2  0.002039566  0.016042781
    3    -2  0.008146692  0.001956530
    3     3 -0.016193046  0.007749859
    3    -3 -0.003098033 -0.004920128
    4     0  0.003039148 -0.002498174
    4     1 -0.001327231  0.007568886
    4    -1  0.012604212  0.002725505
    4     2  0.006869263  0.005828125
    4    -2  0.013966838 -0.007780014
    4     3  0.011901299 -0.011752785
    4    -3 -0.005518286  0.018306378
    4     4  0.000893243  0.012527548
    4    -4  0.003372062 -0.000438517
    5     0  0.002233410 -0.004239679
    5     1  0.007999485 -0.003621254
    5    -1 -0.000462495 -0.005860036
    5     2 -0.000554225 -0.001685980
    5    -2 -0.013224590  0.004370635
    5     3  0.000178674 -0.003877390
    5    -3 -0.010162658 -0.007617985
    5     4 -0.000514677  0.002631668
    5    -4  0.013080756 -0.007265183
    5     5 -0.001133366 -0.005393430
    5    -5 -0.000373905  0.007215962
    6     0  0.006292849  0.010779877
    6     1  0.000894175  0.010286967
    6    -1 -0.004575955  0.007317485
    6     2  0.000651764  0.007611863
    6    -2  0.004605075  0.004522711
    6     3 -0.003739180  0.003456866
    6    -3  0.001168317 -0.000039217
    6     4 -0.006318382  0.003471996
    6    -4 -0.000007399  0.000660624
    6     5  0.002848896  0.002012117
    6    -5 -0.000529473 -0.000443557
    6     6  0.001269629 -0.001817044
    6    -6 -0.001968238 -0.000301666
    7     0  0.006233979  0.001877504
    7     1  0.001649194  0.004481702
    7    -1  0.002473191  0.008703827
    7     2 -0.004657779 -0.006101913
    7    -2 -0.006435781  0.001311257
    7     3 -0.006146614  0.003902169
    7    -3  0.000107527 -0.002379851
    7     4  0.001835668  0.000680580
    7    -4  0.005266567 -0.003793621
    7     5 -0.003471480 -0.000963991
    7    -5  0.002042978 -0.000923313
    7     6  0.005511630  0.004211100
    7    -6  0.002803141 -0.000048412
    7     7  0.001879846 -0.007382899
    7    -7  0.005025844 -0.005498037
    8     0  0.003303880  0.005781245
    8     1 -0.002642860  0.002759007
    8    -1 -0.007723237 -0.000374027
    8     2 -0.002903153  0.002516266
    8    -2  0.007239896  0.002626328
    8     3  0.006793548 -0.000868801
    8    -3  0.007771405 -0.001423826
    8     4  0.003536723  0.000494729
    8    -4  0.000919449  0.005111222
    8     5  0.001632344 -0.000837374
    8    -5 -0.000938929 -0.002823727
    8     6 -0.004127833  0.002004291
    8    -6  0.001100569  0.002523603
    8     7  0.005657184  0.003308363
    8    -7 -0.001587545  0.003236688
    8     8 -0.002894260  0.004527911
    8    -8 -0.001779827  0.002335481
    9     0  0.003582037  0.002758579
    9     1 -0.001228720  0.004917304
    9    -1  0.006566753 -0.000366895
    9     2  0.001013974 -0.004358478
    9    -2 -0.001582165 -0.002007163
    9     3 -0.003764702 -0.001354120
    9    -3 -0.005668480  0.002273683
    9     4 -0.003364634  0.003050894
    9    -4  0.000873893 -0.002083193
    9     5 -0.004555674 -0.001087758
    9    -5  0.002023825 -0.001313392
    9     6  0.003095217 -0.000315868
    9    -6  0.001588569  0.001829970
    9     7 -0.001206556 -0.000620921
    9    -7 -0.000381772  0.000078157
    9     8  0.002726042 -0.000719831
    9    -8  0.000724189 -0.000978441
    9     9 -0.000853991 -0.000469702
    9    -9 -0.000497398 -0.001077559
   10     0 -0.003291327 -0.002229164
   10     1 -0.005467861  0.003151403
   10    -1 -0.001932666 -0.000023306
   10     2 -0.001063188  0.009982778
   10    -2 -0.000632757  0.001602319
   10     3  0.002251824  0.005320415
   10    -3  0.005041329  0.000073446
   10     4  0.006882856  0.001675759
   10    -4  0.001778803  0.002761716
   10     5  0.005246508  0.001324340
   10    -5 -0.003330443  0.002921654
   10     6 -0.001481290  0.000734436
   10    -6 -0.002031138 -0.001899628
   10     7  0.000660145 -0.000665934
   10    -7 -0.000501616 -0.000337890
   10     8  0.001108996 -0.002577630
   10    -8 -0.002300873  0.000804570
   10     9 -0.001110997  0.000794827
   10    -9 -0.001081384 -0.001073638
   10    10  0.000406085  0.000729202
   10   -10 -0.005574779  0.000974191
   11     0  0.000534069  0.000470938
   11     1 -0.001270092  0.005195030
   11    -1 -0.000172321  0.001680150
   11     2  0.006485152 -0.002935902
   11    -2  0.002825641 -0.001723659
   11     3  0.001878249 -0.002506646
   11    -3 -0.003147724  0.003820417
   11     4 -0.003035235 -0.002180976
   11    -4 -0.000316368 -0.000115344
   11     5 -0.007387104  0.002965727
   11    -5  0.002461769 -0.001664237
   11     6  0.001206877  0.001601174
   11    -6  0.001178026 -0.000762874
   11     7  0.000943006 -0.002618653
   11    -7  0.002517120 -0.000002245
   11     8 -0.001757445 -0.003534300
   11    -8  0.000547852  0.000246355
   11     9 -0.003489878 -0.003333142
   11    -9  0.002396188 -0.001421226
   11    10  0.000184963 -0.000537449
   11   -10  0.002363857 -0.001737875
   11    11 -0.002839679 -0.001737042
   11   -11  0.000302484  0.000793689
   12     0 -0.000663546 -0.005878344
   12     1 -0.000153530  0.000432936
   12    -1  0.002259421 -0.002335232
   12     2  0.002033489  0.005606159
   12    -2 -0.000255501  0.002900659
   12     3 -0.001877090  0.007158273
   12    -3  0.001554638 -0.004560121
   12     4  0.001458660  0.004521839
   12    -4  0.002886824 -0.001790458
   12     5  0.003213471  0.003078011
   12    -5  0.000834954 -0.001783825
   12     6 -0.000678388  0.001858950
   12    -6 -0.003286309  0.001291930
   12     7  0.000488182  0.001751325
   12    -7 -0.000367521 -0.000418563
   12     8  0.003552057  0.000298723
   12    -8 -0.002497065  0.000521099
   12     9 -0.000331499  0.001857364
   12    -9  0.000603069  0.000469743
   12    10  0.001902499  0.000720232
   12   -10 -0.001635576 -0.001096924
   12    11 -0.000781706 -0.001259929
   12   -11 -0.001652035  0.002014017
   12    12 -0.002298923 -0.001857345
   12   -12 -0.000172048  0.000515027
   13     0 -0.001384919  0.002601108
   13     1 -0.002123407  0.002305755
   13    -1 -0.000088412  0.000329642
   13     2  0.000119347  0.000996037
   13    -2  0.002047229 -0.002170705
   13     3  0.001966116 -0.004950491
   13    -3 -0.003302053  0.002121232
   13     4 -0.001015801 -0.000245650
   13    -4 -0.002606568  0.000576475
   13     5 -0.003764035  0.001394203
   13    -5  0.000590915  0.001247485
   13     6  0.000468341 -0.000522648
   13    -6  0.001210049  0.000730485
   13     7  0.001606455 -0.000592976
   13    -7  0.001748477  0.000089624
   13     8  0.001357288 -0.002623833
   13    -8 -0.001291008  0.001109462
   13     9 -0.003186172  0.001420303
   13    -9  0.000333887  0.002272428
   13    10 -0.000080825 -0.000005265
   13   -10  0.001149286  0.000410055
   13    11 -0.001915193 -0.001806490
   13   -11  0.000472542  0.000366424
   13    12 -0.001383977 -0.003653268
   13   -12 -0.000393158 -0.001599682
   13    13  0.005450813 -0.001181723
   13   -13 -0.000428097 -0.001089173
   14     0 -0.000383715 -0.005116655
   14     1  0.000284955  0.000618475
   14    -1  0.002081298  0.001251696
   14     2  0.003821810  0.002449603
   14    -2  0.001901720 -0.000133167
   14     3 -0.002060088  0.002783036
   14    -3  0.000604346 -0.002736962
   14     4  0.001337386  0.003627424
   14    -4  0.000521725 -0.002027311
   14     5  0.002976974  0.001626976
   14    -5  0.000789056 -0.000929140
   14     6  0.002317500 -0.002238294
   14    -6 -0.000564643  0.000051750
   14     7 -0.000152383  0.001546576
   14    -7  0.000539387  0.001893071
   14     8  0.001208209 -0.001584391
   14    -8 -0.001203359  0.000095843
   14     9 -0.001210478  0.000787106
   14    -9 -0.000646606  0.000224208
   14    10  0.002638323 -0.001140820
   14   -10 -0.000521686 -0.001828167
   14    11 -0.000793139  0.000423593
   14   -11  0.000327087  0.003409073
   14    12 -0.000006148  0.000971226
   14   -12 -0.000628603 -0.000508290
   14    13 -0.000752273  0.001761012
   14   -13 -0.000969462 -0.000632439
   14    14  0.001744324 -0.005143102
   14   -14  0.004861318 -0.002875326
